year	month	day	ignore	cms0.25	cms2	cms3	cms5	cms7	cms10	cmt0.25	cmt2	cmt3	cmt5	cmt7	cmt10
1988	1	8	1	7.375	8.5319996	8.9519997	9.3760004	9.6929998	9.8739996	6.75	7.9200001	8.1599998	8.4799995	8.8000002	8.9700003
1988	1	15	1	7.25	8.2290001	8.6129999	8.9750004	9.2779999	9.4610004	6.75	7.6100001	7.8299999	8.1300001	8.4200001	8.6000004
1988	1	22	1	7.125	8.1280003	8.5089998	8.8310003	9.1280003	9.3240004	6.6999998	7.5100002	7.73	8.0100002	8.29	8.4899998
1988	1	29	1	6.875	7.8709998	8.2329998	8.5880003	8.9049997	9.1099997	6.5999999	7.2199998	7.48	7.7600002	8.0600004	8.2600002
1988	2	5	1	6.8130002	7.7940001	8.0159998	8.4659996	8.7810001	8.9589996	6.4000001	7.0999999	7.3200002	7.6399999	7.9499998	8.1199999
1988	2	12	1	6.6880002	7.8439999	8.1669998	8.5880003	8.9130001	9.1140003	6.4000001	7.2199998	7.4200001	7.77	8.0900002	8.2799997
1988	2	19	1	6.875	7.7779999	8.1280003	8.7919998	8.9200001	9.1239996	6.4000001	7.21	7.3899999	7.77	8.0799999	8.2600002
1988	2	26	1	6.8130002	7.6789999	8.0539999	8.4890003	8.7989998	9.0109997	6.4000001	7.1599998	7.3499999	7.6700001	7.9699998	8.1800003
1988	3	4	1	6.875	7.7249999	8.1190004	8.5769997	8.8940001	9.1129999	6.3499999	7.1999998	7.4499998	7.7399998	8.0600004	8.2799997
1988	3	11	1	6.875	7.849	8.2049999	8.5970001	8.9280005	9.1330004	6.4000001	7.1999998	7.4299998	7.7600002	8.1099997	8.29
1988	3	18	1	6.8130002	7.9349999	8.2709999	8.677	9.0539999	9.2559996	6.4000001	7.23	7.46	7.8099999	8.2299995	8.4099998
1988	3	25	1	6.875	7.9899998	8.3769999	8.7670002	9.0979996	9.2749996	6.4499998	7.4099998	7.6100001	7.9499998	8.3100004	8.4700003
1988	4	1	1	6.875	8.0609999	8.4370003	8.8470001	9.1899996	9.3710003	6.4499998	7.4099998	7.6599998	8.04	8.3999996	8.5699997
1988	4	8	1	7.125	8.0970001	8.4820004	8.8369999	9.1520004	9.309	6.625	7.4699998	7.6900001	8.0500002	8.3699999	8.5200005
1988	4	15	1	7.1880002	8.2919998	8.6420002	8.9890003	9.3509998	9.5640001	6.5999999	7.5999999	7.8499999	8.1999998	8.5299997	8.7399998
1988	4	22	2	7.3130002	8.302	8.6149998	9.0249996	9.3760004	9.599	6.6999998	7.6399999	7.8699999	8.2299995	8.5600004	8.7799997
1988	5	6	1	7.375	8.599	8.9119997	9.2519999	9.5869999	9.8059998	6.8499999	7.8699999	8.1700001	8.4799995	8.79	9.0100002
1988	5	13	1	7.4380002	8.5439997	8.8240004	9.2620001	9.5799999	9.7749996	7.0500002	7.9000001	8.1400003	8.5100002	8.8199997	9
1988	5	20	1	7.5599999	8.7349997	9.052	9.4460001	9.7810001	9.9829998	7.0999999	8.0799999	8.3199997	8.6999998	9.0200005	9.2200003
1988	5	27	1	7.5630002	8.8120003	9.1470003	9.4440002	9.7749996	9.967	7.3499999	8.2299995	8.46	8.75	9.0600004	9.2399998
1988	6	3	1	7.75	8.6009998	8.8780003	9.2030001	9.5	9.6750002	7.3000002	8.0600004	8.2399998	8.5200005	8.8100004	8.9700003
1988	6	10	1	7.6880002	8.5909996	8.8559999	9.1639996	9.4689999	9.6549997	7.25	7.9899998	8.1800003	8.4700003	8.7700005	8.9200001
1988	6	17	1	7.6880002	8.75	9.0360003	9.257	9.5670004	9.7370005	7.3000002	8.1000004	8.3000002	8.5799999	8.8800001	9.0200005
1988	6	24	1	7.75	8.5679998	8.8760004	9.0959997	9.3789997	9.5340004	7.3499999	8.0299997	8.21	8.4499998	8.7200003	8.8500004
1988	7	1	1	7.875	8.6020002	8.8269997	9.052	9.3400002	9.4709997	7.3499999	7.98	8.1400003	8.3800001	8.6499996	8.7700005
1988	7	8	1	8.0629997	8.8660002	9.0939999	9.3030005	9.5950003	9.7309999	7.5	8.25	8.4099998	8.6400003	8.9200001	9.04
1988	7	15	1	8.3129997	8.9060001	9.1230001	9.309	9.585	9.7559996	7.75	8.3100004	8.46	8.6700001	8.9200001	9.0799999
1988	7	22	1	8.25	8.9750004	9.1549997	9.3559999	9.6350002	9.8100004	7.9000001	8.3500004	8.5	8.71	8.96	9.1099997
1988	7	29	1	8.375	9.0889997	9.2799997	9.3990002	9.6540003	9.8149996	7.9000001	8.3900003	8.5699997	8.75	8.9799995	9.1199999
1988	8	5	1	8.4300003	9.1630001	9.3210001	9.4230003	9.6420002	9.8290005	7.75	8.4700003	8.6199999	8.7799997	8.9799995	9.1199999
1988	8	12	1	8.75	9.3540001	9.5209999	9.684	9.9040003	10.0869999	8.1999998	8.6800003	8.8199997	9.0299997	9.2299995	9.3599997
1988	8	19	1	8.6899996	9.4239998	9.5790005	9.7019997	9.8789997	10.0570002	8.1499996	8.7399998	8.8599997	9.0500002	9.21	9.3500004
1988	8	26	1	8.75	9.4949999	9.6940002	9.7740002	9.9569998	10.1059999	8.1999998	8.7799997	8.9200001	9.0699997	9.2600002	9.3800001
1988	9	2	1	8.625	9.1379995	9.3100004	9.4069996	9.5959997	9.7370005	8.1000004	8.4499998	8.5799999	8.6999998	8.8699999	9
1988	9	9	1	8.375	9.0369997	9.2040005	9.316	9.4969997	9.6359997	8	8.4200001	8.5200005	8.6199999	8.8199997	8.9300003
1988	9	16	1	8.375	9.0450001	9.2379999	9.3389997	9.5159998	9.6490002	8	8.3999996	8.5299997	8.6499996	8.8199997	8.9300003
1988	9	23	1	8.3100004	9.1149998	9.2869997	9.3839998	9.5469999	9.6820002	7.9499998	8.4700003	8.5600004	8.6899996	8.8599997	8.9700003
1988	9	30	1	8.625	9.0699997	9.2130003	9.2749996	9.4420004	9.5670004	8.1000004	8.4300003	8.5200005	8.6099997	8.7799997	8.8699999
1988	10	7	1	8.6199999	8.8739996	9.0459995	9.0909996	9.2639999	9.3920002	8.1999998	8.2600002	8.3400002	8.4300003	8.6099997	8.6999998
1988	10	14	1	8.6199999	8.9329996	9.0819998	9.1870003	9.368	9.5089998	8.1999998	8.3299999	8.4300003	8.5200005	8.6999998	8.8100004
1988	10	21	1	8.6800003	8.9910002	9.1169996	9.2019997	9.3800001	9.5179996	8.25	8.3999996	8.46	8.54	8.7200003	8.8299999
1988	10	28	1	8.6199999	8.835	8.96	9.0559998	9.2410002	9.375	8.25	8.2700005	8.3500004	8.3999996	8.5699997	8.6899996
1988	11	4	1	8.6199999	9.0139999	9.1269999	9.2530003	9.3990002	9.5299997	8.25	8.3900003	8.5200005	8.5799999	8.71	8.8500004
1988	11	11	1	8.9300003	9.1359997	9.2419996	9.3690004	9.4910002	9.5790005	8.3500004	8.6000004	8.6400003	8.7200003	8.8400002	8.8999996
1988	11	18	1	9.1899996	9.323	9.4390001	9.5430002	9.6199999	9.7080002	8.6000004	8.7700005	8.8299999	8.9099998	8.9899998	9.0500002
1988	11	25	1	9.1899996	9.5159998	9.625	9.7250004	9.7889996	9.8199997	8.6999998	8.9799995	9.0299997	9.0699997	9.1400003	9.1700001
1988	12	2	1	9.4300003	9.6120005	9.6829996	9.7469997	9.7989998	9.8100004	8.8999996	9.1199999	9.1300001	9.1099997	9.1700001	9.1800003
1988	12	9	1	9.4300003	9.5489998	9.5900002	9.625	9.665	9.6210003	8.8999996	9.0299997	9.0500002	9.0500002	9.1000004	9.0699997
1988	12	16	1	9.625	9.6540003	9.6630001	9.7019997	9.7259998	9.7550001	9	9.1800003	9.1999998	9.1800003	9.1999998	9.1700001
1988	12	23	1	9.375	9.5539999	9.6070004	9.6490002	9.6639996	9.6560001	8.9499998	9.04	9.1099997	9.0799999	9.1099997	9.0500002
1988	12	30	1	9.3100004	9.6630001	9.7030001	9.7209997	9.7519999	9.7489996	8.8500004	9.1400003	9.1800003	9.1400003	9.1800003	9.1400003
1989	1	6	1	9.4300003	9.8509998	9.9090004	9.8649998	9.8879995	9.868	8.8950005	9.3199997	9.3500004	9.3000002	9.3199997	9.25
1989	1	13	1	9.4300003	9.6429996	9.691	9.6540003	9.6630001	9.6709995	9	9.1400003	9.1499996	9.1000004	9.1000004	9.0600004
1989	1	20	1	9.3699999	9.6420002	9.6929998	9.6450005	9.6379995	9.6409998	9	9.1300001	9.1499996	9.1099997	9.0699997	9.0299997
1989	1	27	1	9.4300003	9.6409998	9.6000004	9.599	9.599	9.5530005	8.9499998	9.0699997	9.0900002	9.0299997	9	8.9499998
1989	2	3	1	9.5	9.7770004	9.7150002	9.6359997	9.6000004	9.5810003	9.0500002	9.2299995	9.1899996	9.1000004	9.0600004	9.0100002
1989	2	10	1	9.625	9.9160004	9.8649998	9.7819996	9.7639999	9.7700005	9.1999998	9.3699999	9.3599997	9.2799997	9.25	9.1899996
1989	2	17	1	9.8100004	10.059	9.9099998	9.8430004	9.8070002	9.7939997	9.3000002	9.3699999	9.3100004	9.3199997	9.2600002	9.1999998
1989	2	24	1	10.1800003	10.3549995	10.2180004	10.1009998	10.0509996	10.0030003	9.6499996	9.6599998	9.5100002	9.4899998	9.4499998	9.3800001
1989	3	3	1	10.1899996	10.2279997	10.0950003	9.9940004	9.9540005	9.948	9.75	9.5	9.3999996	9.3800001	9.3500004	9.3100004
1989	3	10	1	10.25	10.4069996	10.309	10.1169996	10.0459995	9.9919996	9.75	9.6599998	9.6000004	9.4799995	9.3999996	9.3400002
1989	3	17	1	10.5600004	10.6210003	10.4399996	10.2650003	10.1859999	10.1230001	10.1499996	9.8400002	9.7600002	9.6400003	9.5699997	9.4899998
1989	3	24	1	10.375	10.75	10.5600004	10.3299999	10.2299995	10.1300001	10	9.8100004	9.7600002	9.6499996	9.5299997	9.4300003
1989	3	31	1	10.3125	10.5900002	10.3800001	10.1899996	10.1000004	10	9.9499998	9.7299995	9.6599998	9.5299997	9.3999996	9.3000002
1989	4	7	1	10.3125	10.4799995	10.3100004	10.1300001	10.0900002	9.9899998	9.8500004	9.5699997	9.54	9.4200001	9.3800001	9.2700005
1989	4	14	1	10.3125	10.3599997	10.1800003	10.04	9.9700003	9.9099998	9.6999998	9.4300003	9.3999996	9.29	9.25	9.1800003
1989	4	21	1	10.125	10.1999998	10.1199999	10.0200005	9.9799995	9.8800001	9.6999998	9.4399996	9.3699999	9.2700005	9.21	9.1499996
1989	4	28	1	10.0625	10.0500002	9.9300003	9.8100004	9.8500004	9.8000002	9.6000004	9.2200003	9.1499996	9.0600004	9.04	9.0200005
1989	5	5	1	10	9.8299999	9.79	9.6700001	9.75	9.75	9.5500002	9.04	9.04	8.96	8.96	8.9899998
1989	5	12	1	9.9375	9.4899998	9.4799995	9.5200005	9.5200005	9.54	9.3000002	8.8199997	8.8100004	8.8000002	8.8100004	8.8100004
1989	5	19	1	9.6875	9.5	9.4899998	9.54	9.4700003	9.4399996	9.3500004	8.9399996	8.8900003	8.8199997	8.75	8.71
1989	5	26	1	9.75	9.4099998	9.4300003	9.3699999	9.3800001	9.3500004	9.3500004	8.8900003	8.8599997	8.7200003	8.71	8.6599998
1989	6	2	1	9.625	9.04	9.0699997	9.0600004	9.1300001	9.1499996	9.1499996	8.5200005	8.4700003	8.4200001	8.4499998	8.4300003
1989	6	9	1	9.25	8.7799997	8.7700005	8.8000002	8.8400002	8.8500004	8.9499998	8.2799997	8.2299995	8.1599998	8.1700001	8.1499996
1989	6	16	1	9.4375	9.0699997	9.0799999	9.0699997	9.0900002	9.0699997	9.1000004	8.5299997	8.4799995	8.3999996	8.3800001	8.3500004
1989	6	23	1	9.5625	8.9700003	8.9899998	9	9.0299997	9.0100002	9.1000004	8.3900003	8.3400002	8.2700005	8.29	8.25
1989	6	30	1	9.3125	8.6400003	8.6700001	8.7700005	8.8500004	8.8599997	8.8999996	8.0799999	8.0500002	8.0299997	8.1000004	8.1000004
1989	7	7	1	9.1875	8.4799995	8.5900002	8.6499996	8.79	8.8299999	8.6999998	7.8299999	7.8499999	7.8600001	8	8.0200005
1989	7	14	1	8.875	8.3900003	8.5	8.6499996	8.7399998	8.8800001	8.5500002	7.8299999	7.8099999	7.8400002	7.9200001	8.04
1989	7	21	1	8.9375	8.5	8.5699997	8.6899996	8.79	8.9200001	8.5	7.9099998	7.9099998	7.8899999	7.9699998	8.0699997
1989	7	28	1	8.75	8.1899996	8.29	8.3999996	8.54	8.6999998	8.4799995	7.5599999	7.6199999	7.5999999	7.7199998	7.8699999
1989	8	4	1	8.5625	8.6199999	8.7200003	8.79	8.8199997	8.8800001	8.3999996	7.9200001	7.98	7.9400001	7.9499998	8
1989	8	11	1	8.75	8.71	8.7700005	8.9499998	8.96	9	8.4499998	8.1199999	8.1000004	8.1000004	8.0799999	8.0900002
1989	8	18	1	8.9375	8.8400002	8.8599997	8.9700003	9	9.04	8.6000004	8.2600002	8.2399998	8.1999998	8.1700001	8.1499996
1989	8	25	1	8.9375	8.9499998	8.9700003	9	8.9899998	9.0900002	8.6499996	8.3400002	8.3199997	8.2299995	8.2399998	8.21
1989	9	1	1	9	8.9099998	8.9099998	8.9200001	8.96	9.0100002	8.6499996	8.3699999	8.3199997	8.1800003	8.2299995	8.1899996
1989	9	8	1	9	8.8699999	8.8699999	8.9300003	8.96	9	8.6999998	8.2700005	8.2299995	8.1400003	8.1899996	8.1400003
1989	9	15	1	8.875	8.6700001	8.7399998	8.8199997	8.8900003	8.9700003	8.5500002	8.0600004	8.0299997	8.0100002	8.0900002	8.0900002
1989	9	22	1	8.9375	8.9200001	8.96	9.0200005	9.0900002	9.0799999	8.6000004	8.3400002	8.2700005	8.1999998	8.2600002	8.2200003
1989	9	29	1	9.1875	9.04	9.0600004	9.1099997	9.1700001	9.1199999	8.6999998	8.46	8.46	8.3599997	8.3999996	8.3100004
1989	10	6	1	9.0625	8.6800003	8.7299995	8.8199997	8.8699999	8.8699999	8.6499996	8.1000004	8.0799999	8.0100002	8.0799999	8.0299997
1989	10	13	1	8.75	8.1400003	8.2799997	8.4899998	8.6099997	8.6899996	8.5	7.6900001	7.79	7.79	7.8499999	7.8699999
1989	10	20	1	8.6875	8.5900002	8.6400003	8.7799997	8.8500004	8.8599997	8.3999996	7.9200001	7.96	7.9299998	7.98	7.98
1989	10	27	1	8.6875	8.4899998	8.5699997	8.71	8.8100004	8.8100004	8.3500004	7.8699999	7.9200001	7.8699999	7.9499998	7.9400001
1989	11	3	1	8.75	8.6000004	8.6599998	8.7700005	8.8199997	8.8400002	8.4499998	8.0100002	8.0200005	7.9299998	7.9499998	7.96
1989	11	10	1	8.5625	8.3800001	8.4499998	8.6300001	8.6899996	8.7700005	8.3000002	7.8299999	7.8200002	7.8499999	7.8800001	7.9200001
1989	11	17	1	8.4375	8.3400002	8.4300003	8.6099997	8.6700001	8.7600002	8.1499996	7.77	7.75	7.8200002	7.8699999	7.8800001
1989	11	24	1	8.3125	8.1899996	8.3100004	8.5	8.5699997	8.6700001	8.0500002	7.6399999	7.6300001	7.6999998	7.7600002	7.8000002
1989	12	1	1	8.4375	8.2200003	8.3400002	8.5299997	8.6099997	8.6999998	8.1499996	7.6999998	7.6999998	7.6999998	7.79	7.8099999
1989	12	8	1	8.5625	8.2700005	8.3699999	8.5500002	8.6499996	8.71	8.1999998	7.7800002	7.77	7.73	7.8299999	7.8200002
1989	12	15	1	8.5	8.2399998	8.3800001	8.5100002	8.6499996	8.6999998	8.1999998	7.75	7.6999998	7.6999998	7.8200002	7.8000002
1989	12	22	1	8.5	8.25	8.3900003	8.5699997	8.6899996	8.7299995	8.1000004	7.7399998	7.77	7.75	7.8600001	7.8200002
1989	12	29	1	8.375	8.3699999	8.5100002	8.6700001	8.8299999	8.8500004	8.1499996	7.8699999	7.8699999	7.8600001	7.9699998	7.9299998
1990	1	5	1	8.375	8.4300003	8.5799999	8.7399998	8.8699999	8.9200001	8.0500002	7.9000001	7.9400001	7.9200001	8.0299997	7.9899998
1990	1	12	1	8.25	8.5100002	8.6199999	8.8199997	8.9499998	9.04	7.9499998	7.9299998	7.98	7.9899998	8.0699997	8.1000004
1990	1	19	1	8.375	8.7799997	8.8800001	9	9.1000004	9.1800003	8.1499996	8.1999998	8.2299995	8.1999998	8.2399998	8.2600002
1990	1	26	1	8.375	8.8400002	9	9.1800003	9.3000002	9.3999996	8.1000004	8.2799997	8.3800001	8.3800001	8.4499998	8.4899998
1990	2	2	1	8.375	8.9399996	9.0600004	9.2200003	9.29	9.3900003	8.1000004	8.3699999	8.4300003	8.4200001	8.46	8.5
1990	2	9	1	8.375	8.7700005	8.8699999	9.0500002	9.1300001	9.1800003	8.1000004	8.25	8.2399998	8.29	8.3400002	8.3100004
1990	2	16	1	8.375	8.8599997	8.9700003	9.1800003	9.25	9.3100004	8.1000004	8.3599997	8.3400002	8.4099998	8.4300003	8.4200001
1990	2	23	1	8.375	8.9399996	9.0799999	9.2600002	9.3800001	9.4300003	8.1000004	8.4300003	8.4499998	8.4700003	8.5600004	8.5299997
1990	3	2	1	8.4375	9	9.1400003	9.2799997	9.3599997	9.4099998	8.1499996	8.4799995	8.5	8.5	8.5699997	8.54
1990	3	9	1	8.5	9.1899996	9.2799997	9.4099998	9.4399996	9.4399996	8.1499996	8.7299995	8.71	8.6800003	8.71	8.6499996
1990	3	16	1	8.625	9.1499996	9.21	9.3100004	9.3400002	9.3800001	8.1999998	8.6400003	8.6199999	8.6099997	8.6400003	8.5900002
1990	3	23	1	8.4375	9.1000004	9.1899996	9.2600002	9.3199997	9.3599997	8.1999998	8.6099997	8.5900002	8.54	8.5900002	8.5200005
1990	3	30	1	8.5	9.1300001	9.2799997	9.4099998	9.46	9.4899998	8.1999998	8.6400003	8.6899996	8.6499996	8.6999998	8.6499996
1990	4	6	1	8.5	9.0600004	9.1899996	9.3100004	9.3800001	9.4200001	8.1999998	8.5200005	8.5799999	8.5500002	8.6099997	8.5600004
1990	4	13	1	8.5	9.0699997	9.2200003	9.3800001	9.4200001	9.4899998	8.1499996	8.5699997	8.6300001	8.6199999	8.6499996	8.6400003
1990	4	20	1	8.625	9.3000002	9.4700003	9.6400003	9.7299995	9.8199997	8.1999998	8.8199997	8.8800001	8.8800001	8.9499998	8.9499998
1990	4	27	1	8.625	9.4700003	9.6199999	9.75	9.8000002	9.8800001	8.3500004	8.9799995	9.0699997	9.0600004	9.0900002	9.0600004
1990	5	4	1	8.5625	9.54	9.6599998	9.7600002	9.8100004	9.8800001	8.1999998	8.6999998	8.7700005	8.8000002	8.8299999	8.8400002
1990	5	11	1	8.375	9.0500002	9.1899996	9.3500004	9.4099998	9.4700003	8.1499996	8.5500002	8.5799999	8.6400003	8.6800003	8.6400003
1990	5	18	1	8.4375	9.0900002	9.2600002	9.4399996	9.5100002	9.5799999	8.1000004	8.6300001	8.6899996	8.7399998	8.79	8.75
1990	5	25	1	8.375	8.9700003	9.1700001	9.3299999	9.4399996	9.5200005	8.1000004	8.5299997	8.5900002	8.6099997	8.71	8.6899996
1990	6	1	1	8.4375	8.79	8.9399996	9.1199999	9.1999998	9.2700005	8	8.3299999	8.3599997	8.3800001	8.4700003	8.4399996
1990	6	8	1	8.3125	8.75	8.9300003	9.1199999	9.21	9.2799997	8	8.3299999	8.3800001	8.4200001	8.5100002	8.46
1990	6	15	1	8.375	8.7399998	8.8999996	9.1099997	9.1999998	9.2600002	8	8.3299999	8.3699999	8.4099998	8.4899998	8.46
1990	6	22	1	8.375	8.7700005	8.9499998	9.1700001	9.2600002	9.3299999	8.0500002	8.3999996	8.4300003	8.46	8.5500002	8.5100002
1990	6	29	1	8.375	8.6099997	8.8100004	9.0500002	9.1700001	9.2399998	8.0500002	8.2399998	8.3199997	8.3500004	8.46	8.4300003
1990	7	6	1	8.375	8.6999998	8.8900003	9.1499996	9.2700005	9.3400002	8.0500002	8.3199997	8.4099998	8.4399996	8.5600004	8.5100002
1990	7	13	1	8.1875	8.5	8.6999998	8.9899998	9.1300001	9.25	8.0500002	8.1300001	8.25	8.3199997	8.4300003	8.4499998
1990	7	20	1	8.125	8.4700003	8.6800003	8.9499998	9.1199999	9.2600002	7.9000001	8.0799999	8.1800003	8.2799997	8.4300003	8.4799995
1990	7	27	1	8.125	8.3699999	8.6000004	8.8900003	9.04	9.1899996	7.8499999	8	8.1499996	8.25	8.3599997	8.4200001
1990	8	3	1	8.0625	8.1400003	8.4200001	8.7299995	8.9700003	9.1899996	7.5999999	7.79	7.98	8.1099997	8.3199997	8.4300003
1990	8	10	1	8.0625	8.3800001	8.6499996	8.9499998	9.21	9.4099998	7.75	7.9499998	8.1199999	8.3500004	8.5799999	8.6800003
1990	8	17	1	8.25	8.5	8.75	9.0600004	9.3000002	9.4899998	7.8000002	8.1099997	8.2700005	8.4899998	8.6800003	8.8000002
1990	8	24	1	8.3125	8.8100004	9.0299997	9.3199997	9.5200005	9.7299995	7.9000001	8.3199997	8.5	8.75	8.9399996	9.0500002
1990	8	31	1	8.0625	8.5200005	8.7600002	8.9899998	9.3199997	9.5100002	7.75	8.0699997	8.2600002	8.5	8.7700005	8.8599997
1990	9	7	1	8.0625	8.4399996	8.6999998	8.9899998	9.2399998	9.4399996	7.75	8.04	8.2200003	8.4499998	8.7200003	8.8100004
1990	9	14	1	8.125	8.4799995	8.71	8.9799995	9.2700005	9.5	7.8000002	8.0299997	8.2299995	8.4799995	8.75	8.8699999
1990	9	21	1	8.3125	8.6099997	8.8199997	9.1000004	9.3699999	9.5900002	7.9000001	8.1199999	8.3100004	8.5799999	8.8699999	8.9899998
1990	9	28	1	8.3125	8.5799999	8.75	9.0299997	9.2600002	9.4399996	7.8499999	8.0200005	8.1899996	8.4700003	8.7299995	8.8199997
1990	10	5	1	8.1875	8.3400002	8.6199999	8.8999996	9.1499996	9.3100004	7.8000002	7.8099999	8	8.2700005	8.54	8.6499996
1990	10	12	1	8.25	8.4700003	8.7399998	9.0699997	9.3400002	9.4799995	7.8000002	7.9400001	8.1599998	8.4399996	8.6999998	8.8400002
1990	10	19	1	8.125	8.3400002	8.6099997	8.8900003	9.1300001	9.29	7.8000002	7.8499999	8.0200005	8.25	8.4899998	8.6199999
1990	10	26	1	8	8.2600002	8.54	8.8199997	9.0900002	9.2600002	7.75	7.8000002	7.9699998	8.2299995	8.4799995	8.6300001
1990	11	2	1	7.9375	8.2299995	8.4899998	8.8000002	9.0600004	9.2200003	7.6999998	7.6799998	7.8800001	8.1599998	8.4200001	8.5699997
1990	11	9	1	8.1875	8.1800003	8.4300003	8.7399998	9.0100002	9.1599998	7.6500001	7.6100001	7.75	8.1000004	8.3599997	8.4899998
1990	11	16	1	8.0625	8.1000004	8.3500004	8.6199999	8.8699999	8.9799995	7.5	7.5799999	7.6900001	7.96	8.1999998	8.3000002
1990	11	23	1	8.25	7.9699998	8.2200003	8.54	8.79	8.9399996	7.5500002	7.5300002	7.6300001	7.9200001	8.1599998	8.2799997
1990	11	30	1	8.3800001	8.1700001	8.3699999	8.6800003	8.8699999	8.9499998	7.5999999	7.5300002	7.6700001	7.9099998	8.1800003	8.2600002
1990	12	7	1	7.875	7.8400002	8.0699997	8.3599997	8.6599998	8.7299995	7.3000002	7.3299999	7.4499998	7.6700001	7.96	8.0299997
1990	12	14	1	7.8125	7.8400002	8.1400003	8.4799995	8.71	8.8000002	7.1999998	7.3499999	7.4699998	7.7399998	7.9699998	8.0500002
1990	12	21	1	8.0625	7.7800002	8.0699997	8.3999996	8.6999998	8.8000002	7	7.3000002	7.46	7.75	8.0299997	8.1099997
1990	12	28	1	7.625	7.6599998	7.9699998	8.3900003	8.6599998	8.7299995	7.0500002	7.25	7.48	7.7800002	8.0799999	8.1400003
1991	1	4	1	7.3800001	7.6500001	7.9400001	8.3400002	8.6199999	8.71	6.9499998	7.1700001	7.3699999	7.6500001	7.9400001	8.0200005
1991	1	11	1	7.3800001	7.77	8.0799999	8.5500002	8.8299999	8.96	6.75	7.1399999	7.4000001	7.79	8.0600004	8.1999998
1991	1	18	1	7.5	7.79	8.0900002	8.5200005	8.7600002	8.9099998	6.8000002	7.1399999	7.3800001	7.6799998	7.9200001	8.0299997
1991	1	25	1	7.0599999	7.5599999	7.9099998	8.3000002	8.5799999	8.7399998	6.5999999	7.0999999	7.3600001	7.6700001	7.9299998	8.0600004
1991	2	1	1	6.8800001	7.6199999	7.9299998	8.3199997	8.5900002	8.7799997	6.3499999	6.8299999	7.0999999	7.4499998	7.75	7.9099998
1991	2	8	1	6.6300001	7.3400002	7.6900001	8.1400003	8.4200001	8.54	6.27	6.8000002	6.9899998	7.4000001	7.6599998	7.77
1991	2	15	1	6.6300001	7.2199998	7.5599999	8.0100002	8.2799997	8.4499998	6.1999998	6.8200002	7.02	7.4099998	7.6700001	7.7800002
1991	2	22	1	6.75	7.4699998	7.8000002	8.2299995	8.4499998	8.5699997	6.25	6.98	7.21	7.5700002	7.8200002	7.9099998
1991	3	1	1	6.8800001	7.6399999	7.98	8.4099998	8.6099997	8.7700005	6.3000002	7.1799998	7.4099998	7.7800002	8	8.1199999
1991	3	8	1	6.75	7.6300001	7.96	8.3900003	8.6099997	8.7299995	6.3000002	7.0799999	7.3499999	7.77	8.0100002	8.1300001
1991	3	15	1	6.3800001	7.4400001	7.8200002	8.3400002	8.5799999	8.7200003	6.0999999	7.0100002	7.2600002	7.73	7.98	8.1000004
1991	3	22	1	6.5	7.6599998	8.0299997	8.4499998	8.6700001	8.79	6.0999999	7.1300001	7.3899999	7.8200002	8.0299997	8.1300001
1991	3	29	1	6.4400001	7.5100002	7.9099998	8.3900003	8.5799999	8.6999998	6.0500002	7.02	7.3000002	7.73	7.96	8.0500002
1991	4	5	1	6.25	7.4299998	7.8200002	8.3100004	8.5200005	8.6599998	5.8499999	6.96	7.1999998	7.6500001	7.8899999	7.9899998
1991	4	12	1	6.0599999	7.4099998	7.8200002	8.3500004	8.5900002	8.7200003	5.75	6.8800001	7.1799998	7.6399999	7.8600001	7.98
1991	4	19	1	6.1900001	7.4499998	7.9000001	8.3699999	8.5600004	8.6700001	5.9000001	7.0300002	7.27	7.8000002	7.9899998	8.1000004
1991	4	26	1	6.25	7.4200001	7.8099999	8.3199997	8.5699997	8.7200003	5.875	6.8899999	7.23	7.6799998	7.9299998	8.0600004
1991	5	3	1	6	7.3099999	7.7399998	8.2799997	8.5299997	8.6499996	5.75	6.8000002	7.1599998	7.6700001	7.9099998	8.04
1991	5	10	1	6.1300001	7.3000002	7.7399998	8.3100004	8.54	8.6899996	5.75	6.8699999	7.1700001	7.7600002	8	8.1199999
1991	5	17	1	6.0599999	7.29	7.7399998	8.3800001	8.6099997	8.7700005	5.8000002	6.8600001	7.1399999	7.77	7.98	8.0799999
1991	5	24	1	6.0599999	7.2199998	7.6500001	8.2700005	8.5200005	8.6800003	5.8000002	6.6900001	7.0999999	7.6799998	7.9699998	8.1000004
1991	5	31	1	6.0599999	7.1999998	7.5799999	8.1800003	8.4399996	8.5799999	5.8000002	6.6799998	7.0999999	7.6900001	7.9200001	8.0600004
1991	6	7	1	6.25	7.4899998	7.8800001	8.4099998	8.6400003	8.7799997	5.8000002	6.98	7.4299998	7.96	8.1800003	8.29
1991	6	14	1	6.3125	7.7399998	8.0699997	8.5100002	8.7600002	8.8800001	5.8499999	7.02	7.4299998	7.9400001	8.1700001	8.29
1991	6	21	1	6.125	7.5500002	7.9400001	8.46	8.71	8.8599997	5.9000001	6.9400001	7.4099998	7.9499998	8.1999998	8.3199997
1991	6	28	1	6.1875	7.5599999	7.98	8.4899998	8.7299995	8.8699999	5.8000002	6.9000001	7.3299999	7.9000001	8.1400003	8.2399998
1991	7	5	1	6.125	7.5599999	8.0299997	8.4899998	8.71	8.8299999	5.8000002	7.04	7.48	8.0100002	8.2299995	8.3400002
1991	7	12	1	6.125	7.4899998	7.9499998	8.4700003	8.7200003	8.8699999	5.8000002	6.8800001	7.3600001	7.9000001	8.1300001	8.2600002
1991	7	19	1	6.0625	7.4200001	7.8800001	8.4200001	8.6700001	8.8000002	5.8000002	6.8899999	7.3699999	7.9099998	8.1499996	8.2799997
1991	7	26	1	6.0625	7.3000002	7.7600002	8.29	8.5299997	8.6800003	5.8499999	6.8499999	7.3000002	7.8200002	8.0600004	8.1999998
1991	8	2	1	5.9375	7.2600002	7.73	8.2399998	8.5100002	8.6800003	5.8000002	6.6900001	7.0599999	7.6199999	7.9000001	8.0600004
1991	8	9	1	5.625	6.8899999	7.4099998	8.0200005	8.3400002	8.5100002	5.52	6.4899998	6.8600001	7.5100002	7.8200002	7.98
1991	8	16	1	5.625	6.6900001	7.1999998	7.8000002	8.1400003	8.3299999	5.5700002	6.3099999	6.6900001	7.3299999	7.6599998	7.8400002
1991	8	23	1	5.625	6.5999999	7.1199999	7.6999998	8.0699997	8.2799997	5.4499998	6.46	6.7800002	7.3899999	7.71	7.8800001
1991	8	30	1	5.6875	6.6399999	7.1300001	7.73	8.0799999	8.2600002	5.4299998	6.3600001	6.6799998	7.3400002	7.6700001	7.8200002
1991	9	6	1	5.6875	6.75	7.23	7.8000002	8.1400003	8.3199997	5.4299998	6.2600002	6.6199999	7.2399998	7.5999999	7.7600002
1991	9	13	1	5.5	6.4699998	6.96	7.5300002	7.9099998	8.1199999	5.3000002	6.1799998	6.5100002	7.1300001	7.48	7.6599998
1991	9	20	1	5.5	6.5300002	6.9400001	7.5500002	7.8899999	8.1000004	5.3499999	6.1799998	6.4400001	7.0900002	7.4000001	7.5700002
1991	9	27	1	5.625	6.3600001	6.8299999	7.5	7.8299999	8.0699997	5.3499999	6.02	6.3099999	6.9499998	7.3099999	7.4899998
1991	10	4	1	5.5625	6.2399998	6.7199998	7.3600001	7.7399998	7.9699998	5.3000002	5.9099998	6.1999998	6.8099999	7.1799998	7.3899999
1991	10	11	1	5.375	6.2600002	6.7399998	7.4299998	7.8200002	8.1000004	5.1500001	5.9099998	6.2199998	6.8400002	7.1900001	7.4899998
1991	10	18	1	5.4375	6.3099999	6.7800002	7.4699998	7.8099999	8.1199999	5.1999998	5.9499998	6.2399998	6.8800001	7.2199998	7.5300002
1991	10	25	1	5.4375	6.25	6.7199998	7.48	7.8800001	8.21	5.1999998	5.9299998	6.2800002	6.96	7.3600001	7.6799998
1991	11	1	1	5.1875	5.9499998	6.4699998	7.2600002	7.6799998	8.0100002	5.0799999	5.6500001	6.02	6.71	7.1599998	7.48
1991	11	8	1	5	5.8299999	6.3699999	7.1399999	7.5799999	7.9499998	4.8000002	5.6300001	5.96	6.6599998	7.0799999	7.4099998
1991	11	15	1	5	5.8000002	6.2800002	7.0700002	7.48	7.8499999	4.8499999	5.54	5.8800001	6.5799999	6.9899998	7.3299999
1991	11	22	1	4.9375	5.71	6.25	7	7.46	7.9000001	4.8800001	5.4899998	5.8200002	6.5599999	7.02	7.4400001
1991	11	29	1	4.9375	5.6399999	6.1999998	6.98	7.48	7.8899999	4.8800001	5.3800001	5.7600002	6.48	6.9899998	7.3800001
1991	12	6	1	4.9375	5.4200001	6	6.7600002	7.2399998	7.7199998	4.4499998	5.1900001	5.5799999	6.3099999	6.8099999	7.2600002
1991	12	13	1	4.5625	5.23	5.8299999	6.6799998	7.1700001	7.6599998	4.4000001	5.0900002	5.46	6.3000002	6.79	7.2199998
1991	12	20	1	4.5625	5.2399998	5.8400002	6.6599998	7.1399999	7.5599999	4	4.8000002	5.1999998	6.02	6.5900002	6.9699998
1991	12	27	1	4.3125	5.0500002	5.6599998	6.5	6.96	7.3200002	3.9000001	4.8499999	5.1500001	6	6.5	6.8200002
1992	1	3	1	4.125	5.0100002	5.6399999	6.4899998	6.9400001	7.3200002	4	4.8000002	5.1900001	6.0500002	6.54	6.8499999
1992	1	10	1	4.0625	4.9400001	5.5900002	6.48	6.9699998	7.29	3.8199999	4.8499999	5.2199998	6.0999999	6.54	6.8499999
1992	1	17	1	4.1875	5.4000001	6.04	6.9400001	7.4099998	7.6799998	3.9000001	5.02	5.46	6.3600001	6.8099999	7.0900002
1992	1	24	1	4.25	5.4400001	6.0900002	6.9099998	7.4099998	7.77	3.9000001	5.1300001	5.6199999	6.4000001	6.8899999	7.25
1992	1	31	1	4.1875	5.5799999	6.2600002	7.0100002	7.4699998	7.8600001	3.95	5.1100001	5.6500001	6.4400001	6.9200001	7.3099999
1992	2	7	1	4.125	5.4400001	6.1300001	6.9299998	7.3600001	7.77	3.8	4.9699998	5.5100002	6.4000001	6.8000002	7.1999998
1992	2	14	1	4.1875	5.6300001	6.3299999	7.1399999	7.5500002	7.9400001	3.8800001	5.25	5.7600002	6.6300001	6.98	7.3899999
1992	2	21	1	4.3125	5.6700001	6.3699999	7.1900001	7.5300002	7.9299998	3.95	5.46	5.9299998	6.77	7.0999999	7.4499998
1992	2	28	1	4.25	5.5999999	6.3600001	7.1300001	7.4699998	7.8200002	4	5.27	5.75	6.5799999	6.9499998	7.27
1992	3	6	1	4.4375	5.96	6.5999999	7.3400002	7.6700001	7.98	4.0500002	5.5999999	6.0500002	6.8499999	7.1799998	7.48
1992	3	13	1	4.3125	6.1399999	6.75	7.4699998	7.7800002	8.0900002	4.0500002	5.8600001	6.3699999	7.1399999	7.4400001	7.71
1992	3	20	1	4.4375	6.2399998	6.8800001	7.54	7.8200002	8.1099997	4.0500002	5.8600001	6.3600001	7.1199999	7.3800001	7.6399999
1992	3	27	1	4.375	6.0599999	6.71	7.5	7.77	8.0699997	4.0500002	5.6799998	6.2199998	6.9699998	7.27	7.54
1992	4	3	1	4.3125	5.8800001	6.5500002	7.29	7.6100001	7.9400001	4.0500002	5.3699999	5.9299998	6.7600002	7.1300001	7.4200001
1992	4	10	1	4.0625	5.3400002	6.04	6.9699998	7.4699998	7.79	3.8	5.1599998	5.7199998	6.6199999	7.0300002	7.3699999
1992	4	17	1	4.0625	5.6100001	6.2800002	7.1799998	7.5700002	7.9000001	3.6500001	5.3400002	5.9000001	6.7600002	7.1100001	7.4499998
1992	4	24	1	4.0625	5.6700001	6.29	7.21	7.5999999	7.9400001	3.75	5.3299999	5.9899998	6.8499999	7.21	7.5500002
1992	5	1	1	4.125	5.6599998	6.3200002	7.1900001	7.5599999	7.9299998	3.75	5.3299999	5.9699998	6.8200002	7.1999998	7.5599999
1992	5	8	1	3.875	5.3800001	6.0799999	7.0300002	7.4400001	7.79	3.7	5.29	5.8800001	6.73	7.0900002	7.4099998
1992	5	15	1	3.875	5.3699999	6.0500002	6.9200001	7.3499999	7.6999998	3.7	5.1100001	5.6999998	6.5999999	6.96	7.2800002
1992	5	22	1	4	5.46	6.1100001	6.96	7.3200002	7.6599998	3.7	5.2399998	5.8099999	6.6900001	7.0500002	7.3499999
1992	5	29	1	4.0625	5.4400001	6.0599999	6.9000001	7.3099999	7.6700001	3.8	5.1900001	5.75	6.6100001	7	7.3299999
1992	6	5	1	4.0625	5.4400001	6.0599999	6.8800001	7.3499999	7.73	3.75	5.1300001	5.6999998	6.5500002	6.96	7.3099999
1992	6	12	1	4.0625	5.3699999	5.9899998	6.8099999	7.3099999	7.6999998	3.7	5.0599999	5.6100001	6.4899998	6.9400001	7.29
1992	6	19	1	3.9375	5.1500001	5.79	6.6300001	7.1100001	7.54	3.72	5	5.54	6.4499998	6.8699999	7.2399998
1992	6	26	1	3.9375	5.0500002	5.6999998	6.5599999	7.0500002	7.4899998	3.6800001	4.8800001	5.4200001	6.3299999	6.7800002	7.1500001
1992	7	3	1	3.625	4.73	5.4099998	6.3099999	6.8400002	7.27	3.4000001	4.5500002	5.1500001	6.02	6.5300002	6.9299998
1992	7	10	1	3.4375	4.5799999	5.2600002	6.1999998	6.79	7.25	3.25	4.3800001	4.9499998	5.9200001	6.4299998	6.9299998
1992	7	17	1	3.4375	4.4400001	5.1300001	6.1199999	6.71	7.21	3.25	4.27	4.8299999	5.8200002	6.3800001	6.9000001
1992	7	24	1	3.4375	4.3600001	4.9899998	5.9200001	6.52	7.0700002	3.25	4.25	4.77	5.6599998	6.1999998	6.73
1992	7	31	1	3.4375	4.52	5.1199999	5.9899998	6.54	7.0100002	3.23	4.4200001	4.9699998	5.8400002	6.27	6.7199998
1992	8	7	1	3.4375	4.5	5.1300001	5.98	6.5300002	7.0100002	3.23	4.1799998	4.71	5.5599999	6.0799999	6.5700002
1992	8	14	1	3.4375	4.3200002	4.9499998	5.8400002	6.4099998	6.8800001	3.23	4.1399999	4.6700001	5.54	6.0599999	6.5300002
1992	8	21	1	3.4375	4.21	4.8400002	5.6999998	6.29	6.8200002	3.23	4.1300001	4.6300001	5.54	6.0799999	6.5300002
1992	8	28	1	3.5	4.3600001	5.0100002	5.9000001	6.4899998	6.98	3.25	4.1599998	4.7199998	5.5999999	6.1799998	6.6300001
1992	9	4	1	3.4375	4.29	4.8800001	5.8000002	6.3899999	6.9000001	2.9000001	3.8900001	4.3800001	5.3000002	5.9000001	6.4000001
1992	9	11	1	3.1875	3.98	4.6199999	5.54	6.1300001	6.6399999	2.9000001	3.8699999	4.3899999	5.3299999	5.9099998	6.3699999
1992	9	18	1	3.25	4.02	4.71	5.6500001	6.2199998	6.71	2.95	3.8599999	4.4000001	5.4099998	5.9699998	6.4099998
1992	9	25	1	3.25	4.1199999	4.8000002	5.75	6.3099999	6.79	2.95	3.78	4.3099999	5.3299999	5.96	6.4099998
1992	10	2	1	3.25	3.9200001	4.5799999	5.54	6.1199999	6.5799999	2.9000001	3.71	4.1999998	5.2199998	5.8400002	6.2600002
1992	10	9	1	3.3125	4.1700001	4.8099999	5.77	6.3899999	6.8099999	2.95	4	4.5	5.5	6.0799999	6.52
1992	10	16	1	3.4375	4.4299998	5.04	5.9400001	6.52	6.96	3.05	4.04	4.5999999	5.5700002	6.1199999	6.5999999
1992	10	23	1	3.5625	4.6900001	5.3600001	6.1999998	6.75	7.1700001	3.1500001	4.3699999	4.98	5.9099998	6.4099998	6.8299999
1992	10	30	1	3.5625	4.6399999	5.25	6.1300001	6.6500001	7.0599999	3.1500001	4.4000001	4.98	5.9000001	6.3600001	6.8000002
1992	11	6	1	3.5625	4.75	5.4200001	6.3000002	6.8200002	7.2600002	3	4.48	5.0700002	6.02	6.54	6.9699998
1992	11	13	1	3.6875	4.77	5.4000001	6.2800002	6.7600002	7.1799998	3.1300001	4.54	5.0900002	5.9899998	6.4400001	6.8200002
1992	11	20	1	3.875	4.96	5.5999999	6.4200001	6.8600001	7.21	3.3499999	4.6599998	5.1999998	6.0799999	6.48	6.8400002
1992	11	27	1	3.9375	5.04	5.6900001	6.4499998	6.8600001	7.21	3.3499999	4.77	5.3600001	6.2199998	6.5999999	6.9299998
1992	12	4	1	3.8125	5.1399999	5.7600002	6.5500002	6.9400001	7.2600002	3.3499999	4.6999998	5.27	6.1100001	6.5100002	6.8400002
1992	12	11	1	3.625	4.96	5.5500002	6.3600001	6.7399998	7.1199999	3.25	4.7800002	5.29	6.0999999	6.48	6.8000002
1992	12	18	1	3.5625	4.96	5.5500002	6.3899999	6.7600002	7.1100001	3.25	4.6599998	5.1999998	6.0700002	6.4400001	6.7600002
1992	12	25	1	3.5	4.8600001	5.5	6.3600001	6.7399998	7.0500002	3.25	4.5999999	5.1300001	6.02	6.4000001	6.6900001
1993	1	1	1	3.4375	4.8400002	5.46	6.3299999	6.73	7.04	3.2	4.5599999	5.1199999	6.04	6.4299998	6.6999998
1993	1	8	1	3.4375	4.9200001	5.5100002	6.3299999	6.79	7.0999999	3.2	4.5	5.0599999	5.9699998	6.4400001	6.75
1993	1	15	1	3.3125	4.6700001	5.3099999	6.1900001	6.6799998	7.0300002	3.0999999	4.3099999	4.8800001	5.8000002	6.2399998	6.5999999
1993	1	22	1	3.3125	4.5799999	5.1900001	6.0700002	6.54	6.9200001	3.05	4.3000002	4.8499999	5.77	6.1799998	6.5700002
1993	1	29	1	3.3125	4.3400002	4.9499998	5.8400002	6.3200002	6.7199998	3.05	4.1999998	4.7199998	5.5700002	6	6.3899999
1993	2	5	1	3.25	4.3899999	4.9699998	5.8000002	6.29	6.71	3.05	4.0700002	4.5799999	5.4200001	5.8800001	6.3200002
1993	2	12	1	3.25	4.4000001	4.98	5.8200002	6.3200002	6.71	3.05	4.1999998	4.6999998	5.5700002	6	6.3499999
1993	2	19	1	3.1875	4.1599998	4.6799998	5.5100002	6.02	6.4699998	3.05	3.99	4.4400001	5.3000002	5.7600002	6.1500001
1993	2	26	1	3.1875	4.1500001	4.6900001	5.5300002	5.96	6.3600001	3.05	3.9200001	4.3699999	5.21	5.6700001	6.0300002
1993	3	5	1	3.1875	3.95	4.4699998	5.2600002	5.7800002	6.1799998	3.0999999	3.9100001	4.3699999	5.1399999	5.5599999	5.9000001
1993	3	12	1	3.25	4.23	4.7199998	5.4699998	5.96	6.3000002	3.05	4.1100001	4.5599999	5.3499999	5.8000002	6.1100001
1993	3	19	1	3.25	4.0900002	4.5999999	5.3499999	5.8800001	6.2399998	3.05	3.95	4.3800001	5.1700001	5.6500001	5.9499998
1993	3	26	1	3.25	4.1599998	4.6399999	5.5100002	5.9899998	6.3400002	3	4.02	4.5	5.3200002	5.7800002	6.0900002
1993	4	2	1	3.25	4.1700001	4.6999998	5.5	6.02	6.4000001	3.05	3.99	4.48	5.3099999	5.8299999	6.1599998
1993	4	9	1	3.25	4.0500002	4.5900002	5.3899999	5.9299998	6.3400002	3.05	3.8499999	4.3000002	5.1300001	5.6199999	5.9699998
1993	4	16	1	3.25	3.97	4.5	5.3000002	5.8299999	6.23	3	3.8	4.2600002	5.0799999	5.5100002	5.8899999
1993	4	23	1	3.1875	3.95	4.4699998	5.27	5.8000002	6.21	3.02	3.75	4.21	5.0599999	5.4899998	5.8899999
1993	4	30	1	3.1875	3.99	4.5100002	5.3299999	5.8800001	6.3000002	2.98	3.8299999	4.3000002	5.1399999	5.6300001	6.0500002
1993	5	7	1	3.1875	3.97	4.4899998	5.27	5.7800002	6.21	3	3.79	4.25	5.04	5.5700002	5.9200001
1993	5	14	1	3.25	4.1300001	4.6300001	5.4000001	5.8699999	6.3600001	3	3.97	4.3800001	5.21	5.6700001	6.0300002
1993	5	21	1	3.25	4.3000002	4.79	5.52	5.98	6.4699998	3	4.1399999	4.5300002	5.3400002	5.7800002	6.1599998
1993	5	28	1	3.375	4.46	4.9400001	5.6100001	6.02	6.4699998	3.05	4.2399998	4.6300001	5.3699999	5.8000002	6.1599998
1993	6	4	1	3.3125	4.4899998	4.9400001	5.5799999	5.98	6.4499998	3.05	4.3099999	4.6700001	5.3600001	5.75	6.1100001
1993	6	11	1	3.375	4.4099998	4.8699999	5.48	5.8600001	6.3200002	3.1500001	4.1500001	4.5300002	5.2199998	5.6100001	5.9699998
1993	6	18	1	3.3125	4.3499999	4.8099999	5.46	5.8299999	6.3000002	3.0999999	4.1199999	4.48	5.1999998	5.5700002	5.9299998
1993	6	25	1	3.375	4.3200002	4.75	5.3699999	5.7199998	6.1700001	3.2	4.0999999	4.4499998	5.1300001	5.5100002	5.8400002
1993	7	2	1	3.3125	4.1300001	4.5799999	5.2199998	5.6300001	6.0900002	3.05	3.9300001	4.3099999	4.98	5.4200001	5.7600002
1993	7	9	1	3.3125	4.1900001	4.6199999	5.25	5.6500001	6.1199999	3.05	3.98	4.3400002	5	5.4200001	5.7600002
1993	7	16	1	3.25	4.1799998	4.6100001	5.1999998	5.5599999	6.0300002	3.0699999	3.99	4.3400002	4.9899998	5.3600001	5.71
1993	7	23	1	3.3125	4.3899999	4.8299999	5.46	5.8299999	6.25	3.0999999	4.25	4.6199999	5.2800002	5.6599998	5.9499998
1993	7	30	1	3.3125	4.29	4.73	5.3600001	5.6900001	6.1300001	3.1400001	4.1300001	4.5	5.1599998	5.5	5.8299999
1993	8	6	1	3.25	4.2600002	4.6999998	5.3600001	5.7399998	6.1500001	3.1300001	4.0900002	4.48	5.1599998	5.52	5.8600001
1993	8	13	1	3.25	4.1199999	4.5599999	5.2399998	5.5999999	6.02	3.1400001	4	4.3800001	5.0799999	5.4099998	5.7199998
1993	8	20	1	3.25	4.0799999	4.5	5.1399999	5.48	5.8899999	3.1300001	3.9300001	4.29	4.96	5.2800002	5.6100001
1993	8	27	1	3.25	4.0300002	4.4200001	4.96	5.3600001	5.77	3.0999999	3.8699999	4.1999998	4.8299999	5.1300001	5.48
1993	9	3	1	3.1875	3.8399999	4.23	4.8099999	5.1500001	5.5700002	3.0799999	3.71	4.04	4.6500001	5.0100002	5.3099999
1993	9	10	1	3.1875	3.8900001	4.2800002	4.8400002	5.1700001	5.5700002	3.0799999	3.8	4.1100001	4.6700001	5.0100002	5.29
1993	9	17	1	3.1875	3.99	4.3600001	4.9400001	5.2600002	5.6799998	3.0899999	3.8900001	4.1900001	4.75	5.1100001	5.3800001
1993	9	24	1	3.1875	3.97	4.3499999	4.96	5.3299999	5.71	3.0799999	3.9000001	4.2199998	4.8099999	5.1399999	5.4200001
1993	10	1	1	3.375	3.9400001	4.3099999	4.9000001	5.27	5.6700001	3.04	3.8399999	4.1799998	4.7199998	5.0300002	5.3400002
1993	10	8	1	3.375	3.8900001	4.25	4.8299999	5.1999998	5.6300001	3.0899999	3.78	4.0900002	4.6100001	4.96	5.2600002
1993	10	15	1	3.375	3.8800001	4.25	4.8000002	5.1399999	5.5300002	3.0799999	3.8099999	4.0599999	4.5700002	4.9000001	5.1900001
1993	10	22	1	3.375	4.0300002	4.4099998	4.9699998	5.3499999	5.75	3.0999999	3.9100001	4.23	4.7600002	5.1500001	5.4200001
1993	10	29	1	3.4375	4.0900002	4.48	5.0599999	5.4000001	5.79	3.1500001	3.99	4.3000002	4.8299999	5.1900001	5.4299998
1993	11	5	1	3.5	4.3099999	4.7199998	5.3299999	5.6999998	6.0900002	3.1300001	4.1999998	4.5300002	5.1100001	5.5	5.75
1993	11	12	1	3.5	4.21	4.6300001	5.2199998	5.5900002	6.0100002	3.1300001	4.1100001	4.4499998	5.02	5.3899999	5.6599998
1993	11	19	1	3.5	4.355	4.7849998	5.3899999	5.7750001	6.1849999	3.2	4.2199998	4.5799999	5.1599998	5.54	5.8400002
1993	11	26	1	3.5	4.27	4.6700001	5.29	5.6849999	6.0900002	3.1800001	4.1599998	4.52	5.0799999	5.4899998	5.7800002
1993	12	3	1	3.5	4.3449998	4.7649999	5.3699999	5.7350001	6.125	3.2	4.2399998	4.5900002	5.1599998	5.52	5.8000002
1993	12	10	1	3.375	4.335	4.7449999	5.3449998	5.6950002	6.0450001	3.1600001	4.21	4.5300002	5.1300001	5.4499998	5.73
1993	12	17	1	3.25	4.3049998	4.7350001	5.375	5.7449999	6.1149998	3.1500001	4.1999998	4.54	5.1700001	5.52	5.8099999
1993	12	24	1	3.3125	4.3150001	4.7350001	5.3049998	5.6950002	6.0250001	3.1800001	4.1799998	4.4899998	5.0999999	5.4200001	5.7199998
1993	12	31	1	3.375	4.395	4.8150001	5.4349999	5.7849998	6.125	3.0999999	4.25	4.5799999	5.21	5.5300002	5.8299999
1994	1	7	1	3.3125	4.1849999	4.625	5.2199998	5.6149998	5.9749999	3.2	4.0900002	4.4299998	5.0300002	5.3899999	5.6999998
1994	1	14	1	3.25	4.2750001	4.7049999	5.3000002	5.6750002	6.0250001	3.0799999	4.1700001	4.5100002	5.1199999	5.46	5.7800002
1994	1	21	1	3.25	4.2249999	4.645	5.2399998	5.5949998	5.9650002	3.0599999	4.0900002	4.4400001	5.0500002	5.3899999	5.73
1994	1	28	1	3.25	4.2049999	4.605	5.21	5.5650001	5.915	3.0699999	4.0799999	4.4000001	4.9899998	5.3000002	5.6799998
1994	2	4	1	3.4375	4.5549998	4.9549999	5.5349998	5.9099998	6.2249999	3.1500001	4.4200001	4.75	5.3200002	5.6199999	5.9400001
1994	2	11	1	3.5625	4.5949998	5.0149999	5.5650001	5.9099998	6.2350001	3.4000001	4.4400001	4.8000002	5.3400002	5.6599998	5.8800001
1994	2	18	1	3.5625	4.7350001	5.145	5.7449999	6.0900002	6.415	3.3599999	4.5700002	4.9400001	5.52	5.8699999	6.0900002
1994	2	25	1	3.75	4.9050002	5.3049998	5.855	6.21	6.5250001	3.4200001	4.7199998	5.0799999	5.6500001	6	6.21
1994	3	4	1	3.875	5.1350002	5.5250001	6.085	6.4349999	6.7750001	3.5	4.8800001	5.29	5.8200002	6.1599998	6.3800001
1994	3	11	1	3.875	5.2249999	5.6350002	6.2049999	6.5450001	6.8649998	3.5	4.9499998	5.3400002	5.8899999	6.25	6.46
1994	3	18	1	3.875	5.2849998	5.7249999	6.2849998	6.6149998	6.9050002	3.5	5.0300002	5.4200001	5.9699998	6.3000002	6.4899998
1994	3	25	2	3.875	5.375	5.835	6.415	6.7350001	7.0250001	3.6500001	5.0999999	5.52	6.0799999	6.4200001	6.6100001
1994	4	8	0	4	5.7049999	6.2049999	6.79	7.1149998	7.3800001	3.5999999	5.4299998	5.9099998	6.46	6.79	6.9400001
1994	4	15	0	4.0625	5.7950001	6.2550001	6.8400002	7.1350002	7.4200001	3.6500001	5.5100002	5.9499998	6.5	6.79	6.9699998
1994	4	22	0	4.25	5.8649998	6.2750001	6.8400002	7.1149998	7.3400002	3.9200001	5.6199999	6.04	6.5300002	6.73	6.9299998
1994	4	29	0	4.3125	5.9949999	6.415	6.9499998	7.2350001	7.46	3.8800001	5.73	6.1599998	6.6399999	6.8800001	7.0500002
1994	5	6	0	4.5625	6.355	6.7550001	7.2350001	7.4949999	7.7150002	4.3000002	6.1199999	6.5	6.9499998	7.1900001	7.3499999
1994	5	13	0	4.8125	6.3449998	6.6950002	7.1750002	7.4250002	7.665	4.3000002	6.0500002	6.4299998	6.8899999	7.1399999	7.29
1994	5	20	0	4.5625	5.9949999	6.3649998	6.8649998	7.105	7.355	4.25	5.8000002	6.1399999	6.5900002	6.8200002	7.02
1994	5	27	0	4.625	6.2049999	6.5650001	7.0050001	7.2449999	7.4650002	4.3000002	5.9699998	6.3200002	6.73	6.9200001	7.1199999
1994	6	3	0	4.625	6.0749998	6.415	6.8850002	7.125	7.3449998	4.3499999	5.8400002	6.1900001	6.5900002	6.7800002	6.98
1994	6	10	0	4.5625	6.0650001	6.4450002	6.875	7.1350002	7.355	4.3400002	5.8499999	6.1700001	6.5999999	6.8200002	7.0300002
1994	6	17	0	4.5625	6.105	6.4850001	6.9749999	7.2449999	7.4949999	4.3000002	5.8800001	6.2399998	6.71	6.9299998	7.1399999
1994	6	24	0	4.6875	6.3049998	6.6750002	7.1149998	7.375	7.5749998	4.3200002	6.0599999	6.3800001	6.8099999	7.0500002	7.2199998
1994	7	1	0	4.9375	6.4450002	6.7350001	7.2150002	7.4650002	7.6950002	4.5	6.1900001	6.5300002	6.9499998	7.1900001	7.3400002
1994	7	8	0	4.8125	6.4949999	6.8649998	7.3150001	7.585	7.7950001	4.4000001	6.25	6.5900002	7.04	7.27	7.4200001
1994	7	15	0	4.8125	6.2849998	6.6550002	7.125	7.3850002	7.605	4.4000001	6.04	6.4099998	6.8400002	7.0599999	7.25
1994	7	22	0	4.8125	6.3850002	6.7449999	7.1950002	7.4549999	7.645	4.4000001	6.1500001	6.4899998	6.9200001	7.0999999	7.29
1994	7	29	0	4.875	6.1849999	6.5450001	7.0050001	7.2550001	7.4650002	4.4000001	5.9899998	6.3299999	6.73	6.9200001	7.1199999
1994	8	5	0	4.75	6.4050002	6.7649999	7.1849999	7.4349999	7.6149998	4.4499998	6.1799998	6.5500002	6.9299998	7.1100001	7.2800002
1994	8	12	0	4.9375	6.415	6.7649999	7.1849999	7.4349999	7.625	4.6399999	6.2199998	6.5700002	6.9400001	7.1199999	7.27
1994	8	19	0	5	6.3850002	6.7350001	7.145	7.4050002	7.6149998	4.7199998	6.23	6.5500002	6.9200001	7.0999999	7.27
1994	8	26	0	5	6.3649998	6.7150002	7.105	7.355	7.5650001	4.75	6.21	6.48	6.8699999	7.0700002	7.2399998
1994	9	2	0	5	6.3400002	6.6799998	7.0500002	7.3200002	7.5500002	4.75	6.1700001	6.4499998	6.8200002	7.0100002	7.21
1994	9	9	0	5	6.5500002	7	7.29	7.5300002	7.77	4.8000002	6.3499999	6.6599998	7.0599999	7.2600002	7.4400001
1994	9	16	0	5.0625	6.6100001	6.9699998	7.3600001	7.6300001	7.8600001	4.8000002	6.4200001	6.7199998	7.1300001	7.3400002	7.52
1994	9	23	0	5.25	6.7399998	7.0700002	7.4699998	7.7199998	7.9299998	4.8499999	6.52	6.8299999	7.1999998	7.4000001	7.5700002
1994	9	30	0	5.5	6.8600001	7.1799998	7.5500002	7.7800002	7.9699998	5.1500001	6.6199999	6.9200001	7.2800002	7.46	7.6199999
1994	10	7	0	5.6875	6.9749999	7.2950001	7.665	7.8850002	8.0950003	5.1999998	6.6500001	6.9699998	7.3400002	7.54	7.6999998
1994	10	14	0	5.625	6.8449998	7.1750002	7.5549998	7.7750001	7.9650002	5.0500002	6.5700002	6.9099998	7.2600002	7.4499998	7.6100001
1994	10	21	0	5.625	7.085	7.4050002	7.7750001	7.9650002	8.1549997	5.3000002	6.8000002	7.1100001	7.46	7.6300001	7.8099999
1994	10	28	0	5.6875	7.0949998	7.4250002	7.7849998	7.9850001	8.165	5.3000002	6.8200002	7.0999999	7.48	7.6500001	7.8200002
1994	11	4	0	5.75	7.3400002	7.7199998	8.0299997	8.2349997	8.4049997	5.1999998	7.0500002	7.3699999	7.7199998	7.8800001	8.04
1994	11	11	0	5.8125	7.3400002	7.6599998	8.0100002	8.1999998	8.3649998	5.25	7.0599999	7.4000001	7.6900001	7.8400002	7.98
1994	11	18	0	6	7.5300002	7.8200002	8.1000004	8.2550001	8.375	5.5500002	7.23	7.52	7.79	7.9099998	8.0100002
1994	11	25	0	5.9375	7.4699998	7.7199998	7.9499998	8.085	8.165	5.6500001	7.1900001	7.4400001	7.6500001	7.71	7.8000002
1994	12	2	0	6.375	7.7750001	7.9050002	8.0349998	8.1149998	8.165	5.8000002	7.4400001	7.5900002	7.71	7.77	7.8099999
1994	12	9	0	6.375	7.9549999	8.0649996	8.1149998	8.1549997	8.1850004	6	7.5300002	7.6700001	7.7399998	7.77	7.79
1994	12	16	0	6.3125	7.9250002	8.0349998	8.0950003	8.1450005	8.1750002	6.0999999	7.5900002	7.71	7.7600002	7.8000002	7.8099999
1994	12	23	0	6.375	8.1149998	8.2049999	8.2150002	8.2349997	8.2250004	5.9499998	7.7399998	7.8200002	7.8600001	7.8600001	7.8499999
1994	12	30	0	6.5	8.1350002	8.1949997	8.1750002	8.2049999	8.2049999	5.75	7.6900001	7.8000002	7.8299999	7.8400002	7.8400002
1995	1	6	0	6.4375	8.0349998	8.1549997	8.21	8.2349997	8.2449999	6.0599999	7.6399999	7.8099999	7.8699999	7.8899999	7.8699999
1995	1	13	0	6.25	7.7550001	7.8850002	7.9899998	8.0249996	8.085	5.9299998	7.3899999	7.5500002	7.6399999	7.71	7.6900001
1995	1	20	0	6.3125	7.9050002	8.0550003	8.1549997	8.1949997	8.2349997	5.96	7.5	7.6999998	7.8000002	7.8400002	7.8200002
1995	1	27	0	6.3125	7.5749998	7.7350001	7.895	7.9549999	8.0249996	6.0300002	7.29	7.46	7.5999999	7.6300001	7.6599998
1995	2	3	0	6.3125	7.48	7.6350002	7.7649999	7.8150001	7.895	6.02	7.1399999	7.3000002	7.4000001	7.4400001	7.4899998
1995	2	10	0	6.25	7.6149998	7.7550001	7.875	7.915	7.9949999	6.0500002	7.3299999	7.4699998	7.5500002	7.6100001	7.6199999
1995	2	17	0	6.25	7.3449998	7.4949999	7.6350002	7.7150002	7.8049998	6.04	7.0700002	7.1999998	7.3299999	7.4099998	7.4299998
1995	2	24	0	6.2343798	7.0949998	7.2449999	7.4050002	7.5349998	7.665	5.96	6.8899999	7	7.1599998	7.3000002	7.3299999
1995	3	3	0	6.25	7.1350002	7.2750001	7.5149999	7.5549998	7.7150002	5.98	6.8899999	7.0300002	7.1900001	7.29	7.3600001
1995	3	10	0	6.3125	7.0549998	7.1750002	7.3249998	7.4450002	7.605	6.0500002	6.8299999	6.9400001	7.0700002	7.1500001	7.23
1995	3	17	0	6.25	6.915	7.0450001	7.2150002	7.3449998	7.4850001	6	6.6900001	6.8099999	6.9699998	7.0599999	7.1199999
1995	3	24	0	6.25	6.8649998	6.9949999	7.1950002	7.3249998	7.4850001	5.9899998	6.6399999	6.75	6.9299998	7.04	7.0900002
1995	3	31	0	6.25	7.0250001	7.165	7.3249998	7.4450002	7.5749998	6.04	6.8000002	6.9200001	7.0799999	7.1700001	7.1999998
1995	4	7	0	6.25	6.8850002	7.0050001	7.1849999	7.335	7.4949999	6	6.6500001	6.7600002	6.9299998	7.0300002	7.1100001
1995	4	14	0	6.25	6.7350001	6.8649998	7.0650001	7.2249999	7.395	6	6.5100002	6.6399999	6.8200002	6.9099998	7.0300002
1995	4	21	0	6.1875	6.6550002	6.7950001	6.9949999	7.1849999	7.3850002	5.98	6.4400001	6.5500002	6.77	6.8699999	7.0100002
1995	4	28	0	6.1875	6.7950001	6.9349999	7.125	7.2649999	7.4450002	6.02	6.5999999	6.7199998	6.8800001	6.9499998	7.0700002
1995	5	5	0	6.0625	6.335	6.4749999	6.665	6.8249998	7.0250001	5.98	6.1599998	6.27	6.4200001	6.5500002	6.6900001
1995	5	12	0	6.125	6.335	6.4949999	6.6950002	6.8249998	6.9949999	6.0100002	6.1999998	6.3099999	6.46	6.5500002	6.6700001
1995	5	19	0	6.125	6.335	6.4650002	6.6750002	6.7950001	6.9650002	5.9299998	6.1900001	6.2800002	6.4299998	6.5	6.6100001
1995	5	26	0	6.0625	6.1149998	6.2350001	6.4349999	6.585	6.7649999	5.9400001	5.9699998	6.0500002	6.1799998	6.2800002	6.4000001
1995	6	2	0	6	5.6750002	5.8150001	6.0650001	6.2249999	6.4650002	5.5	5.54	5.6399999	5.8000002	5.9200001	6.0999999
1995	6	9	0	6.0625	6.2350001	6.355	6.5450001	6.665	6.835	5.8499999	6.0100002	6.0799999	6.21	6.3099999	6.4000001
1995	6	16	0	6.0625	5.9050002	6.0450001	6.2649999	6.415	6.6149998	5.8800001	5.77	5.8299999	5.96	6.0900002	6.21
1995	6	23	0	5.9375	5.7350001	5.8850002	6.105	6.2550001	6.4450002	5.75	5.6399999	5.6900001	5.8299999	5.9400001	6.0599999
1995	6	30	0	6.0585899	5.9250002	6.0549998	6.2449999	6.4050002	6.5949998	5.8000002	5.79	5.8800001	5.98	6.1199999	6.21
1995	7	7	0	5.8125	5.6950002	5.8150001	6.0349998	6.1950002	6.4250002	5.6500001	5.54	5.6100001	5.7399998	5.9400001	6.04
1995	7	14	0	5.8125	5.835	5.9850001	6.1750002	6.3249998	6.5250001	5.5500002	5.6999998	5.7800002	5.8899999	6.0700002	6.1500001
1995	7	21	0	5.875	6.0650001	6.2449999	6.5349998	6.665	6.875	5.6500001	5.9499998	6.1100001	6.2600002	6.4000001	6.5300002
1995	7	28	0	5.875	6.0749998	6.2550001	6.5149999	6.6750002	6.8649998	5.6799998	5.9200001	6.0900002	6.2199998	6.4000001	6.4899998
1995	8	4	0	5.875	6.085	6.2550001	6.4949999	6.665	6.875	5.6599998	5.9099998	6.0599999	6.1999998	6.3899999	6.5
1995	8	11	0	5.875	6.2049999	6.3850002	6.6750002	6.8150001	6.9850001	5.6500001	6.0500002	6.1900001	6.3699999	6.54	6.5900002
1995	8	18	0	5.9375	6.2849998	6.4450002	6.665	6.7849998	6.9450002	5.5999999	6.1300001	6.2399998	6.3600001	6.5100002	6.5700002
1995	8	25	0	5.8984399	6.0149999	6.1750002	6.4050002	6.5549998	6.7350001	5.5999999	5.9000001	6.0100002	6.1300001	6.3000002	6.3800001
1995	9	1	0	5.875	5.9250002	6.0650001	6.2950001	6.4450002	6.605	5.6500001	5.7800002	5.8899999	6	6.1399999	6.2199998
1995	9	8	0	5.875	5.9749999	6.105	6.3249998	6.4549999	6.605	5.5999999	5.8499999	5.9499998	6.04	6.1700001	6.2399998
1995	9	15	0	5.8125	5.855	5.9949999	6.2049999	6.3449998	6.5149999	5.5500002	5.71	5.8000002	5.9099998	6.0500002	6.1100001
1995	9	22	0	5.8359399	5.9850001	6.125	6.355	6.4850001	6.645	5.6100001	5.8499999	5.9299998	6.0599999	6.1900001	6.25
1995	9	29	0	5.9531298	5.9949999	6.0650001	6.2950001	6.415	6.5650001	5.5999999	5.8299999	5.9099998	6.0100002	6.1100001	6.1700001
1995	10	6	0	5.9375	5.895	5.9949999	6.165	6.2950001	6.4549999	5.6500001	5.73	5.8099999	5.8899999	6	6.0599999
1995	10	13	0	5.9375	5.855	5.9349999	6.085	6.2049999	6.3449998	5.6300001	5.6700001	5.7199998	5.8000002	5.8800001	5.9699998
1995	10	20	0	5.9375	5.895	5.9850001	6.1550002	6.2750001	6.415	5.75	5.7199998	5.79	5.9000001	5.9899998	6.04
1995	10	27	0	5.9375	5.8249998	5.9349999	6.125	6.2649999	6.4250002	5.75	5.6399999	5.73	5.8299999	5.9499998	6.0500002
1995	11	3	0	5.875	5.645	5.7750001	5.9650002	6.125	6.3049998	5.5999999	5.4899998	5.5799999	5.6999998	5.8200002	5.9400001
1995	11	10	0	5.875	5.6849999	5.8150001	6.0450001	6.1950002	6.3649998	5.7199998	5.52	5.6399999	5.7600002	5.8899999	6
1995	11	17	0	5.875	5.6149998	5.7150002	5.915	6.085	6.2649999	5.6999998	5.46	5.54	5.6599998	5.8099999	5.9200001
1995	11	24	0	5.8671899	5.625	5.7350001	5.9549999	6.1149998	6.2950001	5.6500001	5.4899998	5.5599999	5.6999998	5.8400002	5.9099998
1995	12	1	0	5.8281298	5.4650002	5.5549998	5.7550001	5.9050002	6.105	5.7199998	5.3200002	5.3699999	5.4899998	5.6300001	5.71
1995	12	8	0	5.8085899	5.5149999	5.6149998	5.7950001	5.9450002	6.105	5.5300002	5.3899999	5.4499998	5.5599999	5.6700001	5.73
1995	12	15	0	5.8125	5.4749999	5.605	5.8249998	5.9749999	6.145	5.5	5.3600001	5.4099998	5.5500002	5.6599998	5.75
1995	12	22	0	5.6796899	5.4050002	5.5349998	5.7649999	5.9050002	6.0749998	5.4499998	5.2800002	5.3699999	5.5	5.6199999	5.71
1995	12	29	0	5.625	5.2849998	5.415	5.6550002	5.7950001	5.9549999	5.4699998	5.1799998	5.25	5.3800001	5.4899998	5.5799999
1996	1	5	0	5.6054702	5.3150001	5.4549999	5.6849999	5.8449998	6.0549998	5.4200001	5.1999998	5.29	5.4200001	5.5900002	5.6900001
1996	1	12	0	5.5976601	5.3150001	5.4450002	5.7049999	5.895	6.1149998	5.4099998	5.1700001	5.2600002	5.4000001	5.6399999	5.75
1996	1	19	0	5.5	5.1149998	5.2449999	5.5050001	5.6849999	5.895	5.3000002	5.0300002	5.0999999	5.27	5.4299998	5.54
1996	1	26	0	5.5	5.145	5.3150001	5.5949998	5.7849998	5.9949999	5.3200002	5.0799999	5.1799998	5.3400002	5.54	5.6500001
1996	2	2	0	5.3125	5.0050001	5.1950002	5.5149999	5.7449999	6.0349998	5.0500002	4.9000001	5.04	5.2399998	5.4899998	5.6599998
1996	2	9	0	5.2773399	4.9850001	5.1750002	5.5250001	5.7649999	6.0549998	5.1599998	4.8499999	4.98	5.25	5.4899998	5.6599998
1996	2	16	0	5.25	5.0349998	5.2249999	5.5749998	5.8449998	6.165	5.0700002	4.9000001	5.0100002	5.29	5.5799999	5.7600002
1996	2	23	0	5.25	5.2950001	5.4749999	5.7950001	6.0450001	6.3449998	5.02	5.1300001	5.29	5.5300002	5.8200002	5.9699998
1996	3	1	0	5.3125	5.415	5.6149998	5.895	6.125	6.3850002	5.1300001	5.2600002	5.4000001	5.5999999	5.8600001	5.9899998
1996	3	8	0	5.3085899	5.8850002	6.0949998	6.3649998	6.5650001	6.8049998	5.1300001	5.73	5.8800001	6.0500002	6.2800002	6.4099998
1996	3	15	0	5.4218798	6.0349998	6.2150002	6.4949999	6.6849999	6.8850002	5.1399999	5.8699999	6.0100002	6.1900001	6.4000001	6.46
1996	3	22	0	5.4375	5.915	6.085	6.355	6.5450001	6.7249999	5.1999998	5.7399998	5.8499999	6.0500002	6.2600002	6.3200002
1996	3	29	0	5.4726601	5.9250002	6.1350002	6.4050002	6.5749998	6.7550001	5.2199998	5.79	5.9099998	6.0999999	6.3000002	6.3400002
1996	4	5	0	5.4648399	6.2150002	6.4349999	6.7150002	6.855	7	5.25	6.0900002	6.2199998	6.4000001	6.5700002	6.5700002
1996	4	12	0	5.5234399	6.1350002	6.3249998	6.6149998	6.7950001	6.9450002	5.25	5.96	6.1199999	6.3099999	6.4899998	6.52
1996	4	19	0	5.5	6.085	6.3049998	6.5949998	6.7849998	6.9450002	5.23	5.9499998	6.0999999	6.3200002	6.48	6.5300002
1996	4	26	0	5.4882798	6.1149998	6.3049998	6.5949998	6.7649999	6.9450002	5.1999998	5.9200001	6.0799999	6.29	6.4699998	6.54
1996	5	3	0	5.5273399	6.3649998	6.6199999	6.9200001	7.1100001	7.3099999	5.2600002	6.1999998	6.3699999	6.6100001	6.8099999	6.9000001
1996	5	10	0	5.5	6.2249999	6.4699998	6.77	6.9499998	7.1500001	5.2600002	6.04	6.23	6.4499998	6.6500001	6.75
1996	5	17	0	5.4960899	6.2150002	6.4400001	6.7199998	6.8899999	7.0599999	5.29	6.04	6.1999998	6.4099998	6.5799999	6.6500001
1996	5	24	0	5.4921899	6.1950002	6.4299998	6.6900001	6.8699999	7.04	5.23	6.0300002	6.1999998	6.4200001	6.5799999	6.6500001
1996	5	31	0	5.5	6.415	6.6500001	6.9299998	7.0900002	7.2399998	5.23	6.27	6.4400001	6.6399999	6.7800002	6.8499999
1996	6	7	0	5.5	6.5749998	6.8000002	7.0599999	7.1900001	7.1300001	5.3200002	6.4000001	6.5599999	6.75	6.8699999	6.9299998
1996	6	14	0	5.5976601	6.4850001	6.7199998	7	7.1599998	7.3600001	5.3299999	6.29	6.4899998	6.7199998	6.8699999	6.9499998
1996	6	21	0	5.5781298	6.5250001	6.7399998	7	7.1500001	7.3099999	5.3600001	6.3499999	6.52	6.7399998	6.8699999	6.96
1996	6	28	0	5.5820298	6.3150001	6.5300002	6.73	6.9000001	7.1999998	5.3499999	6.1100001	6.3000002	6.4699998	6.6100001	6.73
1996	7	5	0	5.5742202	6.625	6.8400002	7.0900002	7.25	7.4200001	5.3099999	6.4400001	6.6199999	6.8200002	6.9499998	7.0599999
1996	7	12	0	5.6757798	6.4650002	6.6799998	6.9200001	7.0700002	7.2399998	5.3600001	6.2600002	6.4499998	6.6500001	6.7600002	6.8499999
1996	7	19	0	5.625	6.4050002	6.5999999	6.8400002	7	7.1700001	5.3499999	6.1799998	6.3499999	6.5500002	6.6700001	6.7800002
1996	7	26	0	5.625	6.4549999	6.6500001	6.8899999	7.0599999	7.23	5.3499999	6.25	6.4499998	6.6199999	6.7399998	6.8499999
1996	8	2	0	5.5859399	6.085	6.2550001	6.4949999	6.6750002	6.835	5.3600001	5.9099998	6.0900002	6.2600002	6.3800001	6.5100002
1996	8	9	0	5.5351601	6.085	6.2849998	6.5050001	6.665	6.835	5.2800002	5.9299998	6.0900002	6.25	6.3699999	6.5
1996	8	16	0	5.5	6.1350002	6.335	6.5749998	6.7249999	6.895	5.2800002	5.9499998	6.1300001	6.3099999	6.4299998	6.5599999
1996	8	23	0	5.4843798	6.2550001	6.4650002	6.7449999	6.9050002	7.0549998	5.2800002	6.0900002	6.27	6.48	6.6100001	6.7199998
1996	8	30	0	5.5625	6.5050001	6.7150002	6.9749999	7.125	7.2849998	5.3099999	6.3400002	6.54	6.73	6.8600001	6.96
1996	9	6	0	5.65625	6.5250001	6.7150002	6.9749999	7.1350002	7.2750001	5.4200001	6.3299999	6.52	6.7199998	6.8400002	6.9400001
1996	9	13	0	5.625	6.2950001	6.4850001	6.7249999	6.9050002	7.0650001	5.3800001	6.0999999	6.29	6.48	6.6399999	6.7399998
1996	9	20	0	5.6289101	6.415	6.5949998	6.855	7.0250001	7.165	5.3200002	6.2600002	6.4299998	6.6199999	6.75	6.8499999
1996	9	27	0	5.625	6.2350001	6.4250002	6.6750002	6.8449998	7.0050001	5.2199998	6.0700002	6.25	6.4299998	6.5700002	6.6799998
1996	10	4	0	5.5976601	6.0149999	6.1849999	6.4450002	6.625	6.8049998	5.3000002	5.8499999	6	6.1999998	6.3600001	6.48
1996	10	11	0	5.5625	6.0650001	6.2750001	6.5349998	6.7150002	6.8850002	5.3000002	5.9200001	6.0900002	6.29	6.46	6.5500002
1996	10	18	0	5.5273399	6.0250001	6.2049999	6.46	6.6350002	6.8150001	5.23	5.8899999	6.0500002	6.25	6.3899999	6.5
1996	10	25	0	5.53125	6.04	6.2350001	6.4850001	6.645	6.8449998	5.3000002	5.9000001	6.0700002	6.2600002	6.4200001	6.54
1996	11	1	0	5.5	5.9349999	6.0949998	6.3449998	6.5050001	6.5749998	5.3000002	5.79	5.9299998	6.1100001	6.2600002	6.3800001
1996	11	8	0	5.5	5.9050002	6.0549998	6.2750001	6.395	6.5650001	5.2800002	5.7600002	5.8800001	6.04	6.1599998	6.29
1996	11	15	0	5.5	5.8150001	5.9650002	6.1950002	6.3249998	6.5050001	5.3000002	5.6799998	5.79	5.96	6.0900002	6.1900001
1996	11	22	0	5.5	5.835	5.9650002	6.165	6.2849998	6.4349999	5.3000002	5.6900001	5.8000002	5.9400001	6.0500002	6.1500001
1996	11	29	0	5.5	5.7449999	5.8649998	6.0650001	6.2049999	6.355	5.3000002	5.5900002	5.6999998	5.8400002	5.9699998	6.0599999
1996	12	6	0	5.5468798	5.895	6.0349998	6.2449999	6.395	6.5549998	5.3400002	5.73	5.8400002	6.02	6.1599998	6.2600002
1996	12	13	0	5.5507798	5.9250002	6.0749998	6.2950001	6.4650002	6.6350002	5.3000002	5.77	5.8899999	6.0599999	6.2199998	6.3299999
1996	12	20	0	5.59375	5.9949999	6.1550002	6.3649998	6.5250001	6.665	5.3499999	5.8299999	5.9499998	6.1199999	6.25	6.3499999
1996	12	27	0	5.6171899	5.9450002	6.1149998	6.3249998	6.4749999	6.625	5	5.8099999	5.9299998	6.0900002	6.21	6.3000002
1997	1	3	0	5.5625	6.1550002	6.2849998	6.54	6.6799998	6.855	5.2800002	5.9499998	6.1100001	6.2800002	6.4200001	6.52
1997	1	10	0	5.5625	6.2550001	6.4250002	6.665	6.8249998	6.9749999	5.29	6.0599999	6.21	6.4000001	6.52	6.6300001
1997	1	17	0	5.5625	6.1750002	6.3449998	6.5650001	6.6950002	6.875	5.2800002	6	6.1399999	6.3200002	6.46	6.5599999
1997	1	24	0	5.5625	6.2249999	6.4050002	6.6350002	6.7950001	6.9450002	5.29	6.0700002	6.21	6.3899999	6.5300002	6.6399999
1997	1	31	0	5.5625	6.0949998	6.2750001	6.5050001	6.665	6.8249998	5.3499999	5.9400001	6.0799999	6.2600002	6.4000001	6.5300002
1997	2	7	0	5.5429702	6.0450001	6.2049999	6.415	6.585	6.7449999	5.2800002	5.8600001	6	6.1700001	6.3200002	6.4299998
1997	2	14	0	5.4960899	5.9349999	6.105	6.3049998	6.4349999	6.605	5.25	5.79	5.9099998	6.0700002	6.1799998	6.2800002
1997	2	21	0	5.4726601	6.0149999	6.1849999	6.4050002	6.5450001	6.7199998	5.25	5.8499999	5.98	6.1599998	6.27	6.3600001
1997	2	28	0	5.5390601	6.2649999	6.415	6.6350002	6.7600002	6.7150002	5.27	6.0900002	6.23	6.3899999	6.5	6.5599999
1997	3	7	0	5.5625	6.2449999	6.415	6.6149998	6.7550001	6.9050002	5.3000002	6.0999999	6.25	6.3899999	6.52	6.5700002
1997	3	14	0	5.5976601	6.355	6.5349998	6.7649999	6.9050002	7.0549998	5.3499999	6.1799998	6.3499999	6.5300002	6.6599998	6.71
1997	3	21	0	5.71875	6.5149999	6.6849999	6.875	6.9949999	7.1149998	5.48	6.29	6.46	6.6100001	6.6999998	6.7399998
1997	3	28	0	5.7734399	6.665	6.835	7.0349998	7.1550002	7.2750001	5.5799999	6.4499998	6.6100001	6.7600002	6.8800001	6.9000001
1997	4	4	0	5.8125	6.6849999	6.8449998	7.0349998	7.1550002	7.2750001	5.5900002	6.4400001	6.6100001	6.7800002	6.9000001	6.9200001
1997	4	11	0	5.8164101	6.7350001	6.915	7.0949998	7.2249999	7.3449998	5.5999999	6.5300002	6.6900001	6.8499999	6.9499998	6.98
1997	4	18	0	5.8359399	6.625	6.7950001	6.9749999	7.0700002	7.1799998	5.5900002	6.4200001	6.5700002	6.73	6.8099999	6.8400002
1997	4	25	0	5.8515601	6.7750001	6.9250002	7.085	7.2049999	7.2950001	5.5999999	6.54	6.6999998	6.8299999	6.9200001	6.9400001
1997	5	2	0	5.8203101	6.4749999	6.6100001	6.7750001	6.9000001	7.02	5.5999999	6.2600002	6.4000001	6.54	6.6300001	6.6799998
1997	5	9	0	5.8125	6.4749999	6.625	6.7849998	6.9050002	7.0250001	5.6199999	6.2399998	6.4000001	6.5100002	6.6199999	6.6700001
1997	5	16	0	5.8164101	6.4949999	6.645	6.8049998	6.9349999	7.085	5.6100001	6.2800002	6.4099998	6.5500002	6.6399999	6.6999998
1997	5	23	0	5.8046899	6.4749999	6.6500001	6.835	6.9650002	7.0999999	5.5799999	6.25	6.4099998	6.5900002	6.6799998	6.7399998
1997	5	30	0	5.8125	6.4450002	6.5949998	6.7550001	6.875	7.0149999	5.5799999	6.2199998	6.3699999	6.5100002	6.6100001	6.6700001
1997	6	6	0	5.8125	6.355	6.4850001	6.6350002	6.7350001	6.8449998	5.5900002	6.1199999	6.25	6.3899999	6.46	6.5100002
1997	6	13	0	5.78125	6.2750001	6.415	6.5650001	6.6750002	6.8049998	5.5500002	6.0300002	6.1799998	6.3000002	6.3899999	6.4299998
1997	6	20	0	5.78125	6.2750001	6.4050002	6.5450001	6.645	6.7550001	5.52	6.02	6.1399999	6.27	6.3699999	6.3699999
1997	6	27	0	5.78125	6.3099999	6.4400001	6.625	6.7350001	6.8449998	5.5500002	6.0300002	6.1999998	6.3499999	6.4299998	6.46
1997	7	4	0	5.75	6.2150002	6.335	6.4749999	6.585	6.7049999	5.48	5.9299998	6.0700002	6.1999998	6.29	6.3099999
1997	7	11	0	5.75	6.1599998	6.2750001	6.4050002	6.5050001	6.6149998	5.4699998	5.8899999	6.0100002	6.1300001	6.2199998	6.23
1997	7	18	0	5.75	6.2249999	6.3150001	6.4349999	6.5250001	6.6350002	5.4699998	5.9099998	6.02	6.1599998	6.23	6.2399998
1997	7	25	0	5.71875	6.125	6.2350001	6.375	6.4749999	6.585	5.4699998	5.8699999	5.9699998	6.0799999	6.1599998	6.1799998
1997	8	1	0	5.6875	6.165	6.2750001	6.395	6.48	6.585	5.5100002	5.8899999	5.9899998	6.0799999	6.1700001	6.1999998
1997	8	8	0	5.71875	6.3049998	6.415	6.5549998	6.6550002	6.7849998	5.4499998	6.02	6.1500001	6.23	6.3699999	6.3800001
1997	8	15	0	5.7382798	6.145	6.2449999	6.4050002	6.5250001	6.6700001	5.5	5.8699999	6	6.0999999	6.27	6.27
1997	8	22	0	5.71875	6.25	6.375	6.5250001	6.645	6.7849998	5.48	5.98	6.0900002	6.21	6.3600001	6.3800001
1997	8	29	0	5.71875	6.2550001	6.375	6.5250001	6.6350002	6.7649999	5.5	5.9699998	6.0999999	6.2199998	6.3299999	6.3400002
1997	9	5	0	5.71875	6.2550001	6.3649998	6.5149999	6.6350002	6.7649999	5.5300002	5.98	6.0900002	6.2399998	6.3600001	6.3699999
1997	9	12	0	5.71875	6.2150002	6.335	6.4650002	6.5650001	6.6950002	5.4899998	5.9299998	6.0300002	6.1700001	6.2800002	6.29
1997	9	19	0	5.71875	6.1199999	6.2249999	6.335	6.415	6.5250001	5.48	5.8099999	5.8899999	6.0100002	6.0799999	6.0900002
1997	9	26	0	5.71875	6.145	6.2399998	6.355	6.4349999	6.5349998	5.4899998	5.8000002	5.8899999	5.9899998	6.0799999	6.0799999
1997	10	3	0	5.75	6.0349998	6.125	6.2350001	6.3249998	6.4349999	5.4899998	5.7199998	5.79	5.8899999	6.02	6.0100002
1997	10	10	0	5.75	6.1750002	6.2750001	6.3850002	6.4850001	6.5949998	5.5100002	5.8600001	5.9200001	6.0300002	6.1700001	6.1500001
1997	10	17	0	5.78125	6.2550001	6.3449998	6.4549999	6.5349998	6.6350002	5.5500002	5.9099998	5.98	6.0799999	6.1900001	6.1700001
1997	10	24	0	5.8125	6.0949998	6.1900001	6.2750001	6.3649998	6.4650002	5.5300002	5.79	5.8600001	5.9400001	6.0500002	6.0100002
1997	10	31	0	5.75	6.0149999	6.0949998	6.2150002	6.2750001	6.3649998	5.52	5.6300001	5.6999998	5.7199998	5.8699999	5.8400002
1997	11	7	0	5.7617202	6.085	6.165	6.3049998	6.355	6.415	5.5700002	5.71	5.77	5.8099999	5.9200001	5.9000001
1997	11	14	0	5.875	6.0949998	6.1550002	6.23	6.29	6.3649998	5.6300001	5.6999998	5.7399998	5.8000002	5.9000001	5.8600001
1997	11	21	0	5.875	6.0349998	6.1149998	6.1849999	6.2249999	6.2849998	5.5999999	5.6799998	5.6999998	5.77	5.8400002	5.8200002
1997	11	28	0	5.9023399	6.105	6.1849999	6.2350001	6.2750001	6.3249998	5.6100001	5.7600002	5.8000002	5.8299999	5.8899999	5.8600001
1997	12	5	0	5.90625	6.1550002	6.2049999	6.2649999	6.3150001	6.355	5.6500001	5.8000002	5.8299999	5.8699999	5.9400001	5.9200001
1997	12	12	0	5.90625	5.9850001	6.0349998	6.0900002	6.1350002	6.1950002	5.6999998	5.6300001	5.6700001	5.71	5.7600002	5.7399998
1997	12	19	0	5.90625	6.0149999	6.0549998	6.0900002	6.1300001	6.1950002	5.6999998	5.6599998	5.6700001	5.6999998	5.7399998	5.7199998
1997	12	26	0	5.90625	6.0349998	6.085	6.1350002	6.165	6.2249999	5.6500001	5.6900001	5.7199998	5.7199998	5.75	5.75
1998	1	2	0	5.8085899	5.9299998	5.9850001	6.0250001	6.0650001	6.1199999	5.5599999	5.5900002	5.6199999	5.6300001	5.6799998	5.6700001
1998	1	9	0	5.65625	5.5650001	5.6350002	5.7150002	5.8049998	5.9349999	5.4699998	5.1700001	5.1999998	5.2199998	5.3699999	5.4000001
1998	1	16	0	5.625	5.7150002	5.7249999	5.835	5.9349999	6.0250001	5.4099998	5.3499999	5.3499999	5.4200001	5.5300002	5.54
1998	1	23	0	5.625	5.7449999	5.8150001	5.9349999	6.0450001	6.1750002	5.4099998	5.4200001	5.4400001	5.5300002	5.6700001	5.6999998
1998	1	30	0	5.625	5.6550002	5.7150002	5.8049998	5.895	5.9899998	5.4099998	5.3200002	5.3499999	5.3899999	5.5100002	5.5300002
1998	2	6	0	5.625	5.6950002	5.7550001	5.8649998	5.9749999	6.0749998	5.4099998	5.3800001	5.4299998	5.48	5.6100001	5.6199999
1998	2	13	0	5.625	5.6750002	5.7249999	5.8249998	5.915	5.9850001	5.4499998	5.3600001	5.3600001	5.4400001	5.5300002	5.4899998
1998	2	20	0	5.625	5.7049999	5.7750001	5.875	5.9450002	6.0250001	5.4400001	5.4099998	5.4099998	5.4899998	5.5799999	5.54
1998	2	27	0	5.6796899	5.855	5.895	5.9749999	6.0450001	6.105	5.48	5.5500002	5.5500002	5.5900002	5.6700001	5.6199999
1998	3	6	0	5.6875	5.8800001	5.9549999	6.0349998	6.105	6.1900001	5.46	5.5799999	5.5900002	5.6500001	5.7800002	5.73
1998	3	13	0	5.6875	5.835	5.8850002	5.9450002	6.0050001	6.085	5.4499998	5.5	5.4899998	5.54	5.6500001	5.5799999
1998	3	20	0	5.6875	5.855	5.895	5.9549999	5.9899998	6.0549998	5.46	5.52	5.5	5.5599999	5.6399999	5.5700002
1998	3	27	0	5.6875	5.9949999	6.0349998	6.0949998	6.1350002	6.1950002	5.4499998	5.6300001	5.6599998	5.6700001	5.75	5.6799998
1998	4	3	0	5.6875	5.8150001	5.8499999	5.9050002	5.9549999	6.0050001	5.4299998	5.4200001	5.4200001	5.4400001	5.54	5.4699998
1998	4	10	0	5.65625	5.8649998	5.9050002	5.9850001	6.0450001	6.0949998	5.4499998	5.5	5.52	5.5599999	5.6399999	5.5900002
1998	4	17	0	5.6875	5.895	5.915	5.9749999	6.0250001	6.0949998	5.4400001	5.54	5.5300002	5.5700002	5.6399999	5.5900002
1998	4	24	0	5.6875	5.9749999	5.9949999	6.0450001	6.0949998	6.145	5.4400001	5.6100001	5.6199999	5.6500001	5.7199998	5.6700001
1998	5	1	0	5.6914101	5.9650002	5.9949999	6.0650001	6.0949998	6.1550002	5.4299998	5.5900002	5.6199999	5.6300001	5.7199998	5.6700001
1998	5	8	0	5.6875	5.9749999	6.0149999	6.0749998	6.125	6.1950002	5.4499998	5.6100001	5.6399999	5.6500001	5.75	5.71
1998	5	15	0	5.6992202	5.9949999	6.0349998	6.0949998	6.145	6.2049999	5.5	5.6300001	5.6399999	5.6700001	5.7600002	5.6799998
1998	5	22	0	5.6914101	5.9850001	6.0149999	6.0549998	6.105	6.165	5.5	5.6300001	5.6300001	5.6500001	5.7199998	5.6399999
1998	5	29	0	5.6875	5.915	5.9250002	5.9949999	6.0349998	6.0900002	5.5	5.5300002	5.54	5.5599999	5.6300001	5.5599999
1998	6	5	0	5.6875	5.9349999	5.9650002	6.0149999	6.0549998	6.105	5.4499998	5.5799999	5.5900002	5.5999999	5.6300001	5.5799999
1998	6	12	0	5.6875	5.8150001	5.835	5.875	5.9250002	5.9749999	5.48	5.4299998	5.4299998	5.4299998	5.48	5.4299998
1998	6	19	0	5.6875	5.855	5.875	5.9250002	5.9650002	6.0149999	5.5	5.52	5.5	5.52	5.54	5.4699998
1998	6	26	0	5.6875	5.8649998	5.9050002	5.9349999	5.9749999	6.0050001	5.4899998	5.5100002	5.5300002	5.4899998	5.5300002	5.46
1998	7	3	0	5.6875	5.8150001	5.8449998	5.8649998	5.9099998	5.9650002	5.4299998	5.4400001	5.46	5.4299998	5.4699998	5.4200001
1998	7	10	0	5.6875	5.7849998	5.8049998	5.8649998	5.915	5.9650002	5.46	5.4099998	5.4200001	5.4000001	5.4699998	5.4200001
1998	7	17	0	5.6875	5.835	5.8649998	5.9450002	5.9899998	6.0650001	5.4699998	5.46	5.48	5.4899998	5.5700002	5.5100002
1998	7	24	0	5.6875	5.855	5.875	5.9250002	5.9749999	6.0149999	5.4899998	5.48	5.4699998	5.48	5.52	5.4499998
1998	7	31	0	5.6875	5.875	5.9050002	5.9549999	6.0050001	6.0450001	5.52	5.4899998	5.48	5.52	5.5599999	5.5
1998	8	7	0	5.6875	5.7800002	5.8150001	5.8800001	5.9250002	5.9949999	5.5	5.3400002	5.3299999	5.3899999	5.4400001	5.4000001
1998	8	14	0	5.6875	5.7399998	5.79	5.8699999	5.9400001	6.0100002	5.5100002	5.3400002	5.3000002	5.3400002	5.4200001	5.4000001
1998	8	21	0	5.6875	5.6750002	5.73	5.8600001	5.9400001	6.04	5.48	5.25	5.23	5.2399998	5.3299999	5.3200002
1998	8	28	0	5.625	5.48	5.5500002	5.6700001	5.77	5.8850002	5.52	4.9299998	4.8899999	4.9400001	5.0900002	5.0900002
1998	9	4	0	5.59375	5.4299998	5.4749999	5.5949998	5.6750002	5.7800002	5.4499998	4.9099998	4.8400002	4.9000001	5.0100002	5.02
1998	9	11	0	5.5	5.1900001	5.2350001	5.3899999	5.5100002	5.6500001	5.3499999	4.6799998	4.6500001	4.6500001	4.8099999	4.8499999
1998	9	18	0	5.5	5.165	5.1849999	5.29	5.3899999	5.5349998	5.3000002	4.6100001	4.5599999	4.5	4.6399999	4.6999998
1998	9	25	0	5.3125	4.9250002	4.9749999	5.125	5.2249999	5.3850002	5.1399999	4.4299998	4.4099998	4.4000001	4.5300002	4.5999999
1998	10	2	0	5.3125	4.7449999	4.7800002	4.9349999	5.04	5.1700001	5.0500002	4.1700001	4.1300001	4.0799999	4.23	4.3099999
1998	10	9	0	5.34375	4.9200001	5.0700002	5.3499999	5.5100002	5.6999998	5.0999999	4.1900001	4.3899999	4.46	4.7800002	4.77
1998	10	16	0	5.2189102	4.5599999	4.665	4.9450002	5.1149998	5.335	4.8000002	3.8599999	4.04	4.04	4.4099998	4.4400001
1998	10	23	0	5.2092199	4.6950002	4.855	5.1350002	5.3099999	5.5500002	4.8000002	4.1999998	4.2399998	4.2800002	4.5999999	4.6999998
1998	10	30	0	5.2195301	4.6999998	4.8200002	5.04	5.1999998	5.3699999	4.8000002	4.1199999	4.2399998	4.2399998	4.4699998	4.6399999
1998	11	6	0	5.38375	5.1149998	5.1950002	5.3200002	5.5100002	5.6750002	5.02	4.5900002	4.6500001	4.5799999	4.9200001	4.9299998
1998	11	13	0	5.4023399	5.0500002	5.1199999	5.2449999	5.4000001	5.5500002	5	4.54	4.5599999	4.5300002	4.7800002	4.8200002
1998	11	20	0	5.25	5.1149998	5.1849999	5.29	5.395	5.5500002	4.8000002	4.6599998	4.6199999	4.5999999	4.77	4.8200002
1998	11	27	0	5.26125	5.1700001	5.2350001	5.3150001	5.4499998	5.5799999	4.9000001	4.6199999	4.6300001	4.5999999	4.8000002	4.8099999
1998	12	4	0	5.2184401	5.0349998	5.0999999	5.21	5.3200002	5.48	4.8400002	4.46	4.4299998	4.3800001	4.6100001	4.6199999
1998	12	11	0	5.2206302	5.0250001	5.0900002	5.2049999	5.3400002	5.4549999	4.9000001	4.46	4.4200001	4.3899999	4.5900002	4.6100001
1998	12	18	0	5.2337499	5.0100002	5.0900002	5.1900001	5.29	5.4200001	4.8000002	4.4499998	4.4299998	4.3800001	4.5799999	4.5799999
1998	12	25	0	5.28438	5.2649999	5.335	5.4400001	5.54	5.6399999	4.8499999	4.7800002	4.7600002	4.7399998	4.8899999	4.8600001
1999	1	1	0	5.06563	5.1300001	5.1799998	5.2800002	5.3600001	5.4499998	4.6999998	4.54	4.5500002	4.5599999	4.73	4.6500001
1999	1	8	0	5.0378098	5.25	5.3299999	5.4200001	5.52	5.6399999	4.73	4.71	4.71	4.7199998	4.9200001	4.8600001
1999	1	15	0	4.96984	5.0999999	5.1700001	5.2800002	5.3899999	5.52	4.6999998	4.5599999	4.5500002	4.54	4.7600002	4.6599998
1999	1	22	0	4.9681301	5.0599999	5.1399999	5.21	5.3299999	5.4200001	4.6900001	4.5900002	4.5799999	4.54	4.73	4.6399999
1999	1	29	0	4.9695301	5.1300001	5.1500001	5.3000002	5.3699999	5.4699998	4.6999998	4.5799999	4.5700002	4.5500002	4.7199998	4.6599998
1999	2	5	0	4.9825001	5.3099999	5.3499999	5.48	5.5700002	5.6799998	4.6999998	4.8000002	4.8499999	4.8800001	5.04	4.9400001
1999	2	12	0	5	5.3369999	5.4200001	5.54	5.6999998	5.8099999	4.7399998	4.9099998	4.9400001	4.96	5.1799998	5.0599999
1999	2	19	0	5	5.4099998	5.48	5.5900002	5.6900001	5.8200002	4.73	4.9499998	4.9699998	4.9899998	5.1900001	5.0700002
1999	2	26	0	5.0262499	5.6399999	5.73	5.8400002	5.9299998	6.0300002	4.75	5.1300001	5.1599998	5.21	5.3899999	5.29
1999	3	5	0	5.0300002	5.5900002	5.7199998	5.8600001	5.96	6.0700002	4.75	5.1399999	5.21	5.2399998	5.4400001	5.3400002
1999	3	12	0	5	5.4899998	5.6100001	5.73	5.8249998	5.96	4.7199998	5	5.0599999	5.0799999	5.3099999	5.1599998
1999	3	19	0	5	5.4899998	5.5900002	5.73	5.8299999	5.96	4.71	5.04	5.0500002	5.0700002	5.3099999	5.1700001
1999	3	26	0	5	5.4650002	5.5749998	5.7350001	5.8499999	6	4.6999998	4.9899998	5.0500002	5.0999999	5.3499999	5.21
1999	4	2	0	5	5.4299998	5.5450001	5.7049999	5.835	5.9850001	4.6999998	4.96	5.0300002	5.0700002	5.3099999	5.1999998
1999	4	9	0	5	5.3499999	5.46	5.5999999	5.6999998	5.8299999	4.6500001	4.8800001	4.9099998	4.96	5.1700001	5.0500002
1999	4	16	0	5	5.4650002	5.5949998	5.73	5.835	5.9699998	4.6300001	5.02	5.0799999	5.1300001	5.3200002	5.23
1999	4	23	0	4.9949999	5.48	5.6100001	5.7600002	5.8600001	5.9899998	4.6799998	5.04	5.0900002	5.1500001	5.3400002	5.2600002
1999	4	30	0	4.98875	5.5100002	5.645	5.8200002	5.9349999	6.0599999	4.7199998	5.0799999	5.1700001	5.2399998	5.4200001	5.3600001
1999	5	7	0	5	5.5900002	5.73	5.9299998	6.0450001	6.1950002	4.6599998	5.1900001	5.27	5.4000001	5.5999999	5.54
1999	5	14	0	5	5.6799998	5.8449998	6.0599999	6.1900001	6.335	4.75	5.3000002	5.3800001	5.48	5.71	5.6199999
1999	5	21	0	5.0487499	5.7150002	5.9000001	6.0700002	6.1599998	6.3099999	4.7199998	5.3000002	5.3699999	5.46	5.6700001	5.52
1999	5	28	0	5.0662498	5.855	6.04	6.2199998	6.3200002	6.4099998	4.75	5.4200001	5.5100002	5.5999999	5.8299999	5.6399999
1999	6	4	0	5.0974998	6	6.1950002	6.395	6.4899998	6.5900002	4.79	5.5599999	5.6399999	5.75	5.9699998	5.8200002
1999	6	11	0	5.1437502	6.1500001	6.3600001	6.5900002	6.7150002	6.835	4.7600002	5.6999998	5.7800002	5.9200001	6.1700001	6.02
1999	6	18	0	5.165	5.9749999	6.1799998	6.4099998	6.5300002	6.625	4.9000001	5.5599999	5.6300001	5.75	5.9499998	5.8400002
1999	6	25	0	5.2925	6.1599998	6.3800001	6.5900002	6.7350001	6.855	4.9899998	5.73	5.8099999	5.9099998	6.1799998	6.02
1999	7	2	0	5.3099999	6.0450001	6.2199998	6.3899999	6.5300002	6.6700001	4.98	5.5799999	5.6500001	5.6999998	5.96	5.8200002
1999	7	9	0	5.2813001	6.0700002	6.2350001	6.415	6.54	6.6799998	4.9699998	5.6100001	5.6799998	5.7199998	5.9899998	5.8400002
1999	7	16	0	5.3000002	6	6.1500001	6.3150001	6.4400001	6.5599999	4.9499998	5.5	5.5300002	5.5700002	5.8299999	5.6799998
1999	7	23	0	5.2813001	6.1199999	6.3099999	6.5100002	6.6599998	6.8200002	5	5.5799999	5.6500001	5.7199998	6	5.8400002
1999	7	30	0	5.3438001	6.27	6.4549999	6.6399999	6.77	6.9050002	5.04	5.6300001	5.6999998	5.8200002	6.0999999	5.9200001
1999	8	6	0	5.4375	6.4099998	6.6300001	6.8499999	6.96	7.0900002	5.0999999	5.6900001	5.79	5.9400001	6.2399998	6.02
1999	8	13	0	5.4688001	6.3699999	6.5599999	6.75	6.8899999	7.04	5.1999998	5.71	5.8099999	5.8800001	6.21	5.98
1999	8	20	0	5.4688001	6.23	6.4299998	6.6599998	6.7800002	6.9000001	5.1799998	5.6500001	5.7199998	5.79	6.0999999	5.8800001
1999	8	27	0	5.4688001	6.2600002	6.4299998	6.6300001	6.7600002	6.8850002	5.23	5.6500001	5.7399998	5.75	6.0500002	5.8499999
1999	9	3	0	5.5	6.27	6.4499998	6.6900001	6.8200002	6.96	5.25	5.6399999	5.7199998	5.7800002	6.1199999	5.8899999
1999	9	10	0	5.5	6.2600002	6.4299998	6.6300001	6.75	6.8899999	5.25	5.6399999	5.75	5.7800002	6.0999999	5.8899999
1999	9	17	0	5.5	6.165	6.2950001	6.4250002	6.6300001	6.8000002	5.25	5.6300001	5.7399998	5.7600002	6.0599999	5.8699999
1999	9	24	0	5.5	6.1100001	6.2600002	6.46	6.5900002	6.7150002	5.3299999	5.6300001	5.6999998	5.7600002	6.0599999	5.8699999
1999	10	1	0	6.0625	6.3099999	6.4699998	6.6500001	6.79	6.9200001	5.3000002	5.73	5.8299999	5.9000001	6.2199998	6
1999	10	8	0	6.1563001	6.4099998	6.5500002	6.6999998	6.8099999	6.9400001	5.2399998	5.8000002	5.8699999	5.9699998	6.27	6.04
1999	10	15	0	6.2188001	6.3899999	6.5799999	6.7350001	6.7849998	6.9749999	5.2800002	5.8200002	5.8899999	5.9899998	6.3299999	6.0900002
1999	10	22	0	6.2188001	6.5100002	6.6599998	6.8200002	6.9499998	7.0700002	5.25	5.96	6.02	6.1300001	6.4299998	6.21
1999	10	29	0	6.1875	6.3600001	6.4050002	6.5749998	6.6750002	6.8600001	5.3499999	5.79	5.9000001	5.9699998	6.1900001	6.02
1999	11	5	0	6.0313001	6.2399998	6.3299999	6.4450002	6.5450001	6.73	5.3899999	5.7199998	5.8000002	5.8800001	6.0700002	5.9200001
1999	11	12	0	6.0313001	6.2800002	6.375	6.54	6.6399999	6.71	5.4000001	5.7800002	5.8200002	5.8499999	6.0599999	5.9299998
1999	11	19	0	6.1012998	6.3850002	6.54	6.6599998	6.7399998	6.8600001	5.4200001	5.9200001	5.9699998	6	6.21	6.0700002
1999	11	26	0	6.0938001	6.5100002	6.6199999	6.7399998	6.8299999	6.9299998	5.46	5.9899998	6.0300002	6.0599999	6.25	6.1199999
1999	12	3	0	6.125	6.54	6.625	6.6849999	6.8600001	6.8649998	5.54	5.9899998	6.0300002	6.0799999	6.27	6.1700001
1999	12	10	0	6.125	6.48	6.5799999	6.6900001	6.7800002	6.8800001	5.5300002	5.9299998	5.9499998	5.98	6.1500001	6.0799999
1999	12	17	0	6.1875	6.73	6.8499999	6.96	7.0500002	7.1399999	5.6199999	6.1500001	6.1700001	6.2199998	6.4200001	6.3000002
1999	12	24	0	6.2188001	6.8000002	6.9200001	7.0300002	7.1199999	7.2199998	5.6799998	6.2399998	6.27	6.3299999	6.54	6.4099998
1999	12	31	0	6	6.77	6.8800001	6.98	7.0599999	7.1700001	5.5	6.2399998	6.29	6.3600001	6.5500002	6.4499998
2000	1	7	0	6.0313001	6.8499999	6.96	7.0799999	7.1700001	7.27	5.6700001	6.3099999	6.3499999	6.4200001	6.5799999	6.52
2000	1	14	0	6.0313001	6.9499998	7.0949998	7.23	7.3299999	7.4299998	5.6700001	6.4400001	6.4899998	6.5900002	6.71	6.6900001
2000	1	21	0	6.0313001	6.9499998	7.0999999	7.2600002	7.3600001	7.48	5.7199998	6.48	6.54	6.6700001	6.8000002	6.79
2000	1	28	0	6.0313001	7.0900002	7.2291999	7.3515	7.4004002	7.454	5.77	6.5799999	6.6199999	6.6799998	6.7199998	6.6599998
2000	2	4	0	6.0625	7.224	7.355	7.447	7.4699998	7.46	5.8000002	6.6300001	6.6399999	6.6399999	6.6799998	6.5300002
2000	2	11	0	6.0625	7.1399999	7.303	7.4089999	7.4699998	7.5300002	5.77	6.6500001	6.73	6.77	6.8099999	6.6300001
2000	2	18	0	6.0938001	7.2224998	7.3473001	7.4369998	7.4745998	7.5110002	5.77	6.6599998	6.71	6.7199998	6.7199998	6.4899998
2000	2	25	0	6.0625	6.9699998	7.0999999	7.2275	7.2950001	7.375	5.8299999	6.4499998	6.48	6.5	6.6100001	6.3600001
2000	3	3	0	6.0938001	7.0370002	7.1630001	7.27	7.3239999	7.3655	5.8000002	6.5	6.5599999	6.5999999	6.6199999	6.3899999
2000	3	10	0	6.125	7.1110001	7.2329998	7.342	7.3965001	7.4334998	5.8400002	6.5500002	6.5799999	6.6100001	6.6300001	6.3899999
2000	3	17	0	6.2188001	7.0809999	7.178	7.256	7.2800002	7.2820001	5.9299998	6.5	6.4899998	6.4499998	6.4299998	6.1999998
2000	3	24	0	6.25	7.2249999	7.2940001	7.3309999	7.3429999	7.349	5.9299998	6.6399999	6.5900002	6.5100002	6.4899998	6.1999998
2000	3	31	0	6.2813001	7.1550002	7.2150002	7.2379999	7.2470002	7.2670002	6.02	6.5	6.4400001	6.3200002	6.2800002	6.0300002
2000	4	7	0	6.2813001	7.0335002	7.0756998	7.0970001	7.1185002	7.1370001	6.0300002	6.3800001	6.3299999	6.1799998	6.1300001	5.8600001
2000	4	14	0	6.3000002	7.0409999	7.0802999	7.1149998	7.1388001	7.1929998	6.0100002	6.27	6.21	6.1100001	6.1599998	5.8499999
2000	4	21	0	6.3125	7.0304999	7.0802999	7.1220002	7.1567998	7.2129998	6.0300002	6.3800001	6.3299999	6.2399998	6.25	5.9899998
2000	4	28	0	6.5313001	7.323	7.3530002	7.3695002	7.382	7.4015002	6.02	6.6799998	6.6399999	6.5599999	6.4899998	6.23
2000	5	5	0	6.6875	7.5809999	7.6500001	7.7179999	7.7509999	7.8080001	6.2800002	6.8400002	6.8099999	6.77	6.75	6.5100002
2000	5	12	0	6.75	7.6370001	7.7041998	7.7715001	7.8049998	7.8530002	6.4299998	6.9099998	6.8600001	6.7600002	6.77	6.5100002
2000	5	19	0	6.8125	7.6075001	7.665	7.7389998	7.783	7.8214998	6.4299998	6.8600001	6.8000002	6.71	6.7600002	6.5100002
2000	5	26	0	6.8125	7.5165	7.5500002	7.5999999	7.6321998	7.6434999	6.4000001	6.6900001	6.6500001	6.5700002	6.5700002	6.3299999
2000	6	2	0	6.8438001	7.3509998	7.3709998	7.3899999	7.3968	7.4115	6.48	6.52	6.48	6.3699999	6.3899999	6.1500001
2000	6	9	0	6.7813001	7.3575001	7.3779998	7.4025002	7.4074998	7.4029999	6.4400001	6.5599999	6.5	6.3600001	6.3600001	6.1300001
2000	6	16	0	6.75	7.1370001	7.138	7.152	7.1620002	7.1675	6.4299998	6.3800001	6.3200002	6.1900001	6.21	5.9899998
2000	6	23	0	6.75	7.2995	7.323	7.3590002	7.3759999	7.401	6.4400001	6.5500002	6.4899998	6.3699999	6.4200001	6.1900001
2000	6	30	0	6.75	7.2049999	7.2059999	7.2179999	7.2340002	7.2639999	6.4499998	6.3800001	6.3099999	6.1799998	6.25	6.0300002
